"","run_acc_sra","x.orig","y.orig","initial.end.lon","initial.end.lat","end.lon","end.lat","total_dist_moved_km","wiggle_dist_moved_km","x","y"
"1","gbif1",-75.878378,23.794654,NA,NA,NA,NA,NA,NA,-75.878378,23.794654
"2","gbif10",-68.531537,12.31755,NA,NA,NA,NA,NA,NA,-68.531537,12.31755
"3","gbif100",-91.959972,20.195667,NA,NA,NA,NA,NA,NA,-91.959972,20.195667
"4","gbif1000",-81.84389,12.16391,NA,NA,NA,NA,NA,NA,-81.84389,12.16391
"5","gbif1001",-81.83694,12.14361,NA,NA,NA,NA,NA,NA,-81.83694,12.14361
"6","gbif1002",-81.83389,12.18638,NA,NA,NA,NA,NA,NA,-81.83389,12.18638
"7","gbif1003",-78.78167,9.59833,NA,NA,NA,NA,NA,NA,-78.78167,9.59833
"8","gbif1004",-95.8471,19.092399,NA,NA,NA,NA,NA,NA,-95.8471,19.092399
"9","gbif1005",-70.45408,18.200347,NA,NA,NA,NA,NA,NA,-70.45408,18.200347
"10","gbif1006",-70.425998,18.399913,-70.563110211681,18.2636562608011,-70.563110211681,18.2636562608011,20.9166352030867,0,-70.563110211681,18.2636562608011
"11","gbif1007",-70.423306,18.298943,-70.3796999444342,18.2141533901445,-70.3796999444342,18.1733975546499,14.6410270307807,4.51094482079372,-70.3796999444342,18.1733975546499
"12","gbif1008",-70.475327,18.359929,-70.5678173990169,18.2679768723738,-70.5678173990169,18.2679768723738,14.1133009537058,0,-70.5678173990169,18.2679768723738
"13","gbif1009",-70.546777,18.213343,NA,NA,NA,NA,NA,NA,-70.546777,18.213343
"14","gbif101",-91.398305,22.114083,NA,NA,NA,NA,NA,NA,-91.398305,22.114083
"15","gbif1010",-70.401832,18.291768,-70.3796999444342,18.2141533901445,-70.3796999444342,18.1733975546499,13.3090137016609,4.51094482079372,-70.3796999444342,18.1733975546499
"16","gbif1011",-70.526524,18.364747,-70.6108838634784,18.327603194851,-70.6464160029635,18.3067802889959,14.2044501006125,4.40694246051359,-70.6464160029635,18.3067802889959
"17","gbif1012",-65.158364,18.201154,NA,NA,NA,NA,NA,NA,-65.158364,18.201154
"18","gbif1013",-65.13458,18.280945,NA,NA,NA,NA,NA,NA,-65.13458,18.280945
"19","gbif1014",-65.053497,18.220513,NA,NA,NA,NA,NA,NA,-65.053497,18.220513
"20","gbif1015",-64.795231,18.324353,-64.7947719270996,18.3240696061004,-64.84534172995,18.3067802889959,5.64322684125303,5.67816523334445,-64.84534172995,18.3067802889959
"21","gbif1016",-64.71052,18.265198,NA,NA,NA,NA,NA,NA,-64.71052,18.265198
"22","gbif1017",-65.192242,18.306885,NA,NA,NA,NA,NA,NA,-65.192242,18.306885
"23","gbif1018",-64.618049,18.203613,NA,NA,NA,NA,NA,NA,-64.618049,18.203613
"24","gbif1019",-64.635347,18.319139,NA,NA,NA,NA,NA,NA,-64.635347,18.319139
"25","gbif102",-91.961667,20.204722,NA,NA,NA,NA,NA,NA,-91.961667,20.204722
"26","gbif1020",-64.626351,18.309265,NA,NA,NA,NA,NA,NA,-64.626351,18.309265
"27","gbif1021",-86.70623,16.378671,NA,NA,NA,NA,NA,NA,-86.70623,16.378671
"28","gbif1022",-82.089538,9.302502,-82.1100048278878,9.29837996251554,-82.0485275050935,9.30344572063728,4.50682547095809,6.77744135566848,-82.0485275050935,9.30344572063728
"29","gbif1023",-68.239296,10.665425,NA,NA,NA,NA,NA,NA,-68.239296,10.665425
"30","gbif1024",-61.015297,13.950438,NA,NA,NA,NA,NA,NA,-61.015297,13.950438
"31","gbif1025",-80.248659,25.072094,NA,NA,NA,NA,NA,NA,-80.248659,25.072094
"32","gbif1026",-75.85,9.71,NA,NA,NA,NA,NA,NA,-75.85,9.71
"33","gbif1027",-77.36,8.67,NA,NA,NA,NA,NA,NA,-77.36,8.67
"34","gbif1028",-77.34,8.64,-77.3304461505559,8.6502898070759,-77.3143174661974,8.63653204890701,2.85265039366052,2.33803923109781,-77.3143174661974,8.63653204890701
"35","gbif1029",-77.34,8.64,-77.3304461505559,8.6502898070759,-77.3143174661974,8.63653204890701,2.85265039366052,2.33803923109781,-77.3143174661974,8.63653204890701
"36","gbif103",-91.961586,20.209586,NA,NA,NA,NA,NA,NA,-91.961586,20.209586
"37","gbif1030",-77.36,8.67,NA,NA,NA,NA,NA,NA,-77.36,8.67
"38","gbif1031",-77.36,8.67,NA,NA,NA,NA,NA,NA,-77.36,8.67
"39","gbif1032",-77.34,8.64,-77.3304461505559,8.6502898070759,-77.3143174661974,8.63653204890701,2.85265039366052,2.33803923109781,-77.3143174661974,8.63653204890701
"40","gbif1033",-77.35,8.65,-77.3408685025341,8.65987435779494,-77.3143174661974,8.63653204890701,4.20031944239472,3.89926041242616,-77.3143174661974,8.63653204890701
"41","gbif1034",-77.34,8.64,-77.3304461505559,8.6502898070759,-77.3143174661974,8.63653204890701,2.85265039366052,2.33803923109781,-77.3143174661974,8.63653204890701
"42","gbif1035",-74.06,11.34,NA,NA,NA,NA,NA,NA,-74.06,11.34
"43","gbif1036",-77.35,8.65,-77.3408685025341,8.65987435779494,-77.3143174661974,8.63653204890701,4.20031944239472,3.89926041242616,-77.3143174661974,8.63653204890701
"44","gbif1037",-74.13,11.32,-74.1409211366963,11.3586380976945,-74.1409211366963,11.3586380976945,4.43714955372493,0,-74.1409211366963,11.3586380976945
"45","gbif1038",-77.29,8.6,-77.2868680162359,8.60250527700531,-77.3143174661974,8.63653204890701,4.84653053064457,4.82606238092899,-77.3143174661974,8.63653204890701
"46","gbif1039",-75.85,9.71,NA,NA,NA,NA,NA,NA,-75.85,9.71
"47","gbif104",-91.961667,20.204722,NA,NA,NA,NA,NA,NA,-91.961667,20.204722
"48","gbif1040",-75.85,9.71,NA,NA,NA,NA,NA,NA,-75.85,9.71
"49","gbif1041",-74.13,11.32,-74.1409211366963,11.3586380976945,-74.1409211366963,11.3586380976945,4.43714955372493,0,-74.1409211366963,11.3586380976945
"50","gbif1042",-75.87,9.76,NA,NA,NA,NA,NA,NA,-75.87,9.76
"51","gbif1043",-74.13,11.32,-74.1409211366963,11.3586380976945,-74.1409211366963,11.3586380976945,4.43714955372493,0,-74.1409211366963,11.3586380976945
"52","gbif1044",-74.06,11.34,NA,NA,NA,NA,NA,NA,-74.06,11.34
"53","gbif1045",-75.87,9.76,NA,NA,NA,NA,NA,NA,-75.87,9.76
"54","gbif1046",-75.87,9.76,NA,NA,NA,NA,NA,NA,-75.87,9.76
"55","gbif1047",-75.87,9.76,NA,NA,NA,NA,NA,NA,-75.87,9.76
"56","gbif1048",-75.85,9.71,NA,NA,NA,NA,NA,NA,-75.85,9.71
"57","gbif1049",-75.85,9.71,NA,NA,NA,NA,NA,NA,-75.85,9.71
"58","gbif105",-91.961644,20.210072,NA,NA,NA,NA,NA,NA,-91.961644,20.210072
"59","gbif1050",-75.83,9.81,NA,NA,NA,NA,NA,NA,-75.83,9.81
"60","gbif1051",-74.06,11.34,NA,NA,NA,NA,NA,NA,-74.06,11.34
"61","gbif1052",-75.87,9.76,NA,NA,NA,NA,NA,NA,-75.87,9.76
"62","gbif1053",-75.87,9.76,NA,NA,NA,NA,NA,NA,-75.87,9.76
"63","gbif1054",-74.06,11.34,NA,NA,NA,NA,NA,NA,-74.06,11.34
"64","gbif1055",-75.87,9.76,NA,NA,NA,NA,NA,NA,-75.87,9.76
"65","gbif1056",-75.85,9.71,NA,NA,NA,NA,NA,NA,-75.85,9.71
"66","gbif1057",-61.63361,17.131283,NA,NA,NA,NA,NA,NA,-61.63361,17.131283
"67","gbif1058",-64.596306,17.761806,NA,NA,NA,NA,NA,NA,-64.596306,17.761806
"68","gbif1059",-64.596306,17.761806,NA,NA,NA,NA,NA,NA,-64.596306,17.761806
"69","gbif106",-89.696,22.379083,NA,NA,NA,NA,NA,NA,-89.696,22.379083
"70","gbif1060",-64.611028,17.761139,NA,NA,NA,NA,NA,NA,-64.611028,17.761139
"71","gbif1061",-68.879056,12.074194,-68.8777788735003,12.1018313494899,-68.8460826078903,12.0377917747314,5.3948720555574,7.87998129990439,-68.8460826078903,12.0377917747314
"72","gbif1062",-64.611028,17.761139,NA,NA,NA,NA,NA,NA,-64.611028,17.761139
"73","gbif1063",-87.604716,16.437833,NA,NA,NA,NA,NA,NA,-87.604716,16.437833
"74","gbif1064",-74.41607,24.125777,NA,NA,NA,NA,NA,NA,-74.41607,24.125777
"75","gbif1065",-87.837286,17.941655,NA,NA,NA,NA,NA,NA,-87.837286,17.941655
"76","gbif1066",-69.900727,12.416002,NA,NA,NA,NA,NA,NA,-69.900727,12.416002
"77","gbif1067",-87.203212,20.301048,NA,NA,NA,NA,NA,NA,-87.203212,20.301048
"78","gbif1068",-71.320158,19.876114,NA,NA,NA,NA,NA,NA,-71.320158,19.876114
"79","gbif1069",-64.857052,18.239105,NA,NA,NA,NA,NA,NA,-64.857052,18.239105
"80","gbif107",-91.403739,22.118678,NA,NA,NA,NA,NA,NA,-91.403739,22.118678
"81","gbif1070",-86.679185,21.020977,NA,NA,NA,NA,NA,NA,-86.679185,21.020977
"82","gbif1071",-86.605227,21.025246,NA,NA,NA,NA,NA,NA,-86.605227,21.025246
"83","gbif1072",-80.363994,25.090979,NA,NA,NA,NA,NA,NA,-80.363994,25.090979
"84","gbif1073",-77.854459,18.510145,-77.8645360064484,18.5307672791719,-77.8477495832561,18.573545757688,7.05325135135207,5.05574868406373,-77.8477495832561,18.573545757688
"85","gbif1074",-71.29118,19.919299,NA,NA,NA,NA,NA,NA,-71.29118,19.919299
"86","gbif1075",-69.487541,18.597805,-69.5795517688461,18.4678462323572,-69.5795517688461,18.4678462323572,17.3577375943975,0,-69.5795517688461,18.4678462323572
"87","gbif1076",-71.335926,19.940269,NA,NA,NA,NA,NA,NA,-71.335926,19.940269
"88","gbif1077",-71.269475,19.854257,-71.2637563476713,19.8631657226525,-71.2465271346546,19.9073731011486,6.35222407962114,5.2158727871925,-71.2465271346546,19.9073731011486
"89","gbif1078",-71.240708,19.918312,NA,NA,NA,NA,NA,NA,-71.240708,19.918312
"90","gbif1079",-71.232344,19.891791,NA,NA,NA,NA,NA,NA,-71.232344,19.891791
"91","gbif108",-91.961667,20.204722,NA,NA,NA,NA,NA,NA,-91.961667,20.204722
"92","gbif1080",-69.473509,18.438498,-69.4734168460432,18.4368664093421,-69.4461937395814,18.373471656169,7.75450338364183,7.58348905960419,-69.4461937395814,18.373471656169
"93","gbif1081",-71.372259,19.993048,NA,NA,NA,NA,NA,NA,-71.372259,19.993048
"94","gbif1082",-69.578821,18.577338,-69.5795517688461,18.4678462323572,-69.5795517688461,18.4678462323572,12.1194540906578,0,-69.5795517688461,18.4678462323572
"95","gbif1083",-69.490729,18.500142,-69.4873379562093,18.4362204449282,-69.5128727542137,18.373471656169,14.2143157013179,7.45095152259847,-69.5128727542137,18.373471656169
"96","gbif1084",-69.451811,18.426009,-69.452441123135,18.4378377830875,-69.4461937395814,18.373471656169,5.84528557514587,7.15485636078544,-69.4461937395814,18.373471656169
"97","gbif1085",-69.420069,18.573491,-69.4170982495664,18.4386810293494,-69.4461937395814,18.373471656169,22.3105083272508,7.84509088506902,-69.4461937395814,18.373471656169
"98","gbif1086",-69.414953,18.50987,-69.413314017205,18.4387528058385,-69.4461937395814,18.373471656169,15.4537480034202,8.01738174580528,-69.4461937395814,18.373471656169
"99","gbif1087",-69.471438,18.502616,-69.4682139373366,18.4371075702705,-69.4461937395814,18.373471656169,14.5409755034946,7.41783948153911,-69.4461937395814,18.373471656169
"100","gbif1088",-69.406678,18.506536,-69.4054003643162,18.4389026620246,-69.3795147249491,18.373471656169,15.0051545691651,7.74144526221751,-69.3795147249491,18.373471656169
"101","gbif1089",-69.514112,18.419731,-69.5128727542137,18.4350329181748,-69.5128727542137,18.373471656169,5.12186852834791,6.8138858033405,-69.5128727542137,18.373471656169
"102","gbif109",-91.961586,20.209586,NA,NA,NA,NA,NA,NA,-91.961586,20.209586
"103","gbif1090",-69.438938,18.522235,-69.4461937395814,18.4381266457184,-69.4461937395814,18.373471656169,16.4837206989824,7.15631507832221,-69.4461937395814,18.373471656169
"104","gbif1091",-69.401844,18.54479,-69.3997600559596,18.4390092676713,-69.3795147249491,18.373471656169,19.1085334002281,7.5628242299401,-69.3795147249491,18.373471656169
"105","gbif1092",-71.312889,19.861994,-71.2990588917254,19.8834145043575,-71.2990588917254,19.8834145043575,2.77866838174806,0,-71.2990588917254,19.8834145043575
"106","gbif1093",-77.428612,18.477414,NA,NA,NA,NA,NA,NA,-77.428612,18.477414
"107","gbif1094",-76.79742,17.898854,NA,NA,NA,NA,NA,NA,-76.79742,17.898854
"108","gbif1095",-76.79742,17.898854,NA,NA,NA,NA,NA,NA,-76.79742,17.898854
"109","gbif1096",-76.8935,18.3927,-76.8989995952218,18.3847873386231,-76.8475643637711,18.373471656169,5.30025480964009,5.57791853878452,-76.8475643637711,18.373471656169
"110","gbif1097",-83.08,9.98837,-83.0743377183093,10.0012720021745,-83.0487127245786,10.0370507595406,6.38418801274658,4.85314635584322,-83.0487127245786,10.0370507595406
"111","gbif1098",-76.4371,18.1854,-76.4370969119314,18.1854325950731,-76.447490275977,18.2400889218229,6.15206588012329,6.14857463493569,-76.447490275977,18.2400889218229
"112","gbif1099",-83.0656,10.0119,NA,NA,NA,NA,NA,NA,-83.0656,10.0119
"113","gbif11",-68.373061,12.343855,NA,NA,NA,NA,NA,NA,-68.373061,12.343855
"114","gbif110",-91.972778,20.219222,NA,NA,NA,NA,NA,NA,-91.972778,20.219222
"115","gbif1100",-83.0874,9.9845,-83.0791368510705,10.0033406354896,-83.0487127245786,10.0370507595406,7.19546796247671,5.002738821322,-83.0487127245786,10.0370507595406
"116","gbif1101",-82.1678,9.35074,NA,NA,NA,NA,NA,NA,-82.1678,9.35074
"117","gbif1102",-76.4375,18.1856,-76.4375189007784,18.1854927168444,-76.447490275977,18.2400889218229,6.12284285859801,6.13419532690477,-76.447490275977,18.2400889218229
"118","gbif1103",-76.4375,18.1856,-76.4375189007784,18.1854927168444,-76.447490275977,18.2400889218229,6.12284285859801,6.13419532690477,-76.447490275977,18.2400889218229
"119","gbif1104",-76.2589,18.001,-76.2539554617442,18.0028806335435,-76.24745323208,18.0400148203038,4.48506173826299,4.16729167481529,-76.24745323208,18.0400148203038
"120","gbif1105",-76.4375,18.1856,-76.4375189007784,18.1854927168444,-76.447490275977,18.2400889218229,6.12284285859801,6.13419532690477,-76.447490275977,18.2400889218229
"121","gbif1106",-83.049,9.98882,-83.0481496679097,9.9896857584723,-83.0487127245786,10.0370507595406,5.33474651650159,5.23925850910529,-83.0487127245786,10.0370507595406
"122","gbif1107",-83.068,10.0069,NA,NA,NA,NA,NA,NA,-83.068,10.0069
"123","gbif1108",-83.08,9.98837,-83.0743377183093,10.0012720021745,-83.0487127245786,10.0370507595406,6.38418801274658,4.85314635584322,-83.0487127245786,10.0370507595406
"124","gbif1109",-77.4511,18.4705,-77.4476754954621,18.4852111543758,-77.4476754954621,18.4852111543758,1.66799523843145,0,-77.4476754954621,18.4852111543758
"125","gbif111",-89.798167,22.545278,NA,NA,NA,NA,NA,NA,-89.798167,22.545278
"126","gbif1110",-83.0655,9.99483,-83.0645345881642,9.99704613289038,-83.0487127245786,10.0370507595406,5.019480922647,4.75263130469775,-83.0487127245786,10.0370507595406
"127","gbif1111",-83.0517,9.98582,-83.0480346143449,9.989575590104,-83.0487127245786,10.0370507595406,5.6759301436976,5.25160644293629,-83.0487127245786,10.0370507595406
"128","gbif1112",-82.1107,9.31979,-82.1152065197259,9.3045572434235,-82.1152065197259,9.37013708781031,5.59047724333729,7.25329471553677,-82.1152065197259,9.37013708781031
"129","gbif1113",-76.4371,18.1854,-76.4370969119314,18.1854325950731,-76.447490275977,18.2400889218229,6.15206588012329,6.14857463493569,-76.447490275977,18.2400889218229
"130","gbif1114",-76.4371,18.1854,-76.4370969119314,18.1854325950731,-76.447490275977,18.2400889218229,6.15206588012329,6.14857463493569,-76.447490275977,18.2400889218229
"131","gbif1115",-83.0576,9.98329,-83.053639368007,9.99234902458289,-83.0487127245786,10.0370507595406,6.0256064983022,4.97373353825478,-83.0487127245786,10.0370507595406
"132","gbif1116",-76.4371,18.1854,-76.4370969119314,18.1854325950731,-76.447490275977,18.2400889218229,6.15206588012329,6.14857463493569,-76.447490275977,18.2400889218229
"133","gbif1117",-76.4382,18.1854,-76.4381724885712,18.1855858331654,-76.447490275977,18.2400889218229,6.13234867197051,6.11251542131121,-76.447490275977,18.2400889218229
"134","gbif1118",-83.08,9.98837,-83.0743377183093,10.0012720021745,-83.0487127245786,10.0370507595406,6.38418801274658,4.85314635584322,-83.0487127245786,10.0370507595406
"135","gbif1119",-76.8935,18.3927,-76.8989995952218,18.3847873386231,-76.8475643637711,18.373471656169,5.30025480964009,5.57791853878452,-76.8475643637711,18.373471656169
"136","gbif112",-95.954486,19.127408,NA,NA,NA,NA,NA,NA,-95.954486,19.127408
"137","gbif1120",-77.4511,18.4705,-77.4476754954621,18.4852111543758,-77.4476754954621,18.4852111543758,1.66799523843145,0,-77.4476754954621,18.4852111543758
"138","gbif1121",-76.4371,18.1854,-76.4370969119314,18.1854325950731,-76.447490275977,18.2400889218229,6.15206588012329,6.14857463493569,-76.447490275977,18.2400889218229
"139","gbif1122",-82.1678,9.35074,NA,NA,NA,NA,NA,NA,-82.1678,9.35074
"140","gbif1123",-83.0684,9.98871,-83.064708665163,9.99712117634455,-83.0487127245786,10.0370507595406,5.76602768200563,4.75191428682437,-83.0487127245786,10.0370507595406
"141","gbif1124",-76.4539,18.1889,-76.4538193587532,18.1891164150754,-76.447490275977,18.2400889218229,5.70613499206967,5.68134064543126,-76.447490275977,18.2400889218229
"142","gbif1125",-83.0874,9.9845,-83.0791368510705,10.0033406354896,-83.0487127245786,10.0370507595406,7.19546796247671,5.002738821322,-83.0487127245786,10.0370507595406
"143","gbif1126",-82.1107,9.31979,-82.1152065197259,9.3045572434235,-82.1152065197259,9.37013708781031,5.59047724333729,7.25329471553677,-82.1152065197259,9.37013708781031
"144","gbif1127",-76.4543,18.1888,-76.454138240866,18.1892274200347,-76.447490275977,18.2400889218229,5.72229663800881,5.67322203633879,-76.447490275977,18.2400889218229
"145","gbif1128",-76.2589,18.001,-76.2539554617442,18.0028806335435,-76.24745323208,18.0400148203038,4.48506173826299,4.16729167481529,-76.24745323208,18.0400148203038
"146","gbif1129",-82.1678,9.35074,NA,NA,NA,NA,NA,NA,-82.1678,9.35074
"147","gbif113",-95.844273,19.008023,NA,NA,NA,NA,NA,NA,-95.844273,19.008023
"148","gbif1130",-76.4371,18.1854,-76.4370969119314,18.1854325950731,-76.447490275977,18.2400889218229,6.15206588012329,6.14857463493569,-76.447490275977,18.2400889218229
"149","gbif1131",-83.0874,9.9845,-83.0791368510705,10.0033406354896,-83.0487127245786,10.0370507595406,7.19546796247671,5.002738821322,-83.0487127245786,10.0370507595406
"150","gbif1132",-83.0517,9.98582,-83.0480346143449,9.989575590104,-83.0487127245786,10.0370507595406,5.6759301436976,5.25160644293629,-83.0487127245786,10.0370507595406
"151","gbif1133",-83.068,10.0069,NA,NA,NA,NA,NA,NA,-83.068,10.0069
"152","gbif1134",-83.0468,9.99683,-83.0495463822605,9.99058434395036,-83.0487127245786,10.0370507595406,4.45363292892956,5.1403178359899,-83.0487127245786,10.0370507595406
"153","gbif1135",-83.0874,9.9845,-83.0791368510705,10.0033406354896,-83.0487127245786,10.0370507595406,7.19546796247671,5.002738821322,-83.0487127245786,10.0370507595406
"154","gbif1136",-83.0869,9.9778,-83.0762581510613,10.0020998030402,-83.0487127245786,10.0370507595406,7.77670159972741,4.90550665715288,-83.0487127245786,10.0370507595406
"155","gbif1137",-76.3147,17.8896,-76.3163796883405,17.8999038359595,-76.3141322467123,17.8399407187847,5.49653906439387,6.64089806163939,-76.3141322467123,17.8399407187847
"156","gbif1138",-76.4371,18.1848,-76.4370040765531,18.1854193684623,-76.447490275977,18.2400889218229,6.21741849203612,6.15177794175716,-76.447490275977,18.2400889218229
"157","gbif1139",-76.4371,18.1854,-76.4370969119314,18.1854325950731,-76.447490275977,18.2400889218229,6.15206588012329,6.14857463493569,-76.447490275977,18.2400889218229
"158","gbif114",-95.99412,19.113471,NA,NA,NA,NA,NA,NA,-95.99412,19.113471
"159","gbif1140",-83.0761,9.99114,-83.0720795461989,10.000298599463,-83.0487127245786,10.0370507595406,5.89930844422385,4.80490148896802,-83.0487127245786,10.0370507595406
"160","gbif1141",-76.8935,18.3927,-76.8989995952218,18.3847873386231,-76.8475643637711,18.373471656169,5.30025480964009,5.57791853878452,-76.8475643637711,18.373471656169
"161","gbif1142",-76.4543,18.1888,-76.454138240866,18.1892274200347,-76.447490275977,18.2400889218229,5.72229663800881,5.67322203633879,-76.447490275977,18.2400889218229
"162","gbif1143",-83.0874,9.9845,-83.0791368510705,10.0033406354896,-83.0487127245786,10.0370507595406,7.19546796247671,5.002738821322,-83.0487127245786,10.0370507595406
"163","gbif1144",-83.0576,9.98329,-83.053639368007,9.99234902458289,-83.0487127245786,10.0370507595406,6.0256064983022,4.97373353825478,-83.0487127245786,10.0370507595406
"164","gbif1145",-83.0656,10.0119,NA,NA,NA,NA,NA,NA,-83.0656,10.0119
"165","gbif1146",-83.0692,10.0128,NA,NA,NA,NA,NA,NA,-83.0692,10.0128
"166","gbif1147",-83.0642,9.9881,-83.0609528044916,9.99550202148953,-83.0487127245786,10.0370507595406,5.67428084318694,4.78748660183808,-83.0487127245786,10.0370507595406
"167","gbif1148",-76.4371,18.1854,-76.4370969119314,18.1854325950731,-76.447490275977,18.2400889218229,6.15206588012329,6.14857463493569,-76.447490275977,18.2400889218229
"168","gbif1149",-82.18,9.37,NA,NA,NA,NA,NA,NA,-82.18,9.37
"169","gbif115",-95.954318,19.009552,-95.9542426799886,19.0093880424839,-95.9177625486201,19.0403853278992,5.14380408631208,5.14994934458326,-95.9177625486201,19.0403853278992
"170","gbif1150",-77.4511,18.4705,-77.4476754954621,18.4852111543758,-77.4476754954621,18.4852111543758,1.66799523843145,0,-77.4476754954621,18.4852111543758
"171","gbif1151",-83.0761,9.99114,-83.0720795461989,10.000298599463,-83.0487127245786,10.0370507595406,5.89930844422385,4.80490148896802,-83.0487127245786,10.0370507595406
"172","gbif1152",-76.4543,18.1888,-76.454138240866,18.1892274200347,-76.447490275977,18.2400889218229,5.72229663800881,5.67322203633879,-76.447490275977,18.2400889218229
"173","gbif1153",-82.1678,9.35074,NA,NA,NA,NA,NA,NA,-82.1678,9.35074
"174","gbif1154",-83.0642,9.9881,-83.0609528044916,9.99550202148953,-83.0487127245786,10.0370507595406,5.67428084318694,4.78748660183808,-83.0487127245786,10.0370507595406
"175","gbif1155",-82.1678,9.35074,NA,NA,NA,NA,NA,NA,-82.1678,9.35074
"176","gbif1156",-76.4382,18.1854,-76.4381724885712,18.1855858331654,-76.447490275977,18.2400889218229,6.13234867197051,6.11251542131121,-76.447490275977,18.2400889218229
"177","gbif1157",-83.0576,9.98329,-83.053639368007,9.99234902458289,-83.0487127245786,10.0370507595406,6.0256064983022,4.97373353825478,-83.0487127245786,10.0370507595406
"178","gbif1158",-83.0685,9.99638,-83.0676327523012,9.99838171235839,-83.0487127245786,10.0370507595406,4.99421015779981,4.75349473302016,-83.0487127245786,10.0370507595406
"179","gbif1159",-83.0656,10.0119,NA,NA,NA,NA,NA,NA,-83.0656,10.0119
"180","gbif116",-95.904416,19.11534,NA,NA,NA,NA,NA,NA,-95.904416,19.11534
"181","gbif1160",-77.4656,18.4785,NA,NA,NA,NA,NA,NA,-77.4656,18.4785
"182","gbif1161",-76.4371,18.1854,-76.4370969119314,18.1854325950731,-76.447490275977,18.2400889218229,6.15206588012329,6.14857463493569,-76.447490275977,18.2400889218229
"183","gbif1162",-76.4371,18.1854,-76.4370969119314,18.1854325950731,-76.447490275977,18.2400889218229,6.15206588012329,6.14857463493569,-76.447490275977,18.2400889218229
"184","gbif1163",-82.3244,9.42717,NA,NA,NA,NA,NA,NA,-82.3244,9.42717
"185","gbif1164",-83.0598,9.98235,-83.0551444428862,9.99299791639882,-83.0487127245786,10.0370507595406,6.17117609547153,4.92330384850784,-83.0487127245786,10.0370507595406
"186","gbif1165",-76.8935,18.3927,-76.8989995952218,18.3847873386231,-76.8475643637711,18.373471656169,5.30025480964009,5.57791853878452,-76.8475643637711,18.373471656169
"187","gbif1166",-76.8935,18.3927,-76.8989995952218,18.3847873386231,-76.8475643637711,18.373471656169,5.30025480964009,5.57791853878452,-76.8475643637711,18.373471656169
"188","gbif1167",-83.0517,9.98582,-83.0480346143449,9.989575590104,-83.0487127245786,10.0370507595406,5.6759301436976,5.25160644293629,-83.0487127245786,10.0370507595406
"189","gbif1168",-82.1678,9.35074,NA,NA,NA,NA,NA,NA,-82.1678,9.35074
"190","gbif1169",-76.4371,18.1854,-76.4370969119314,18.1854325950731,-76.447490275977,18.2400889218229,6.15206588012329,6.14857463493569,-76.447490275977,18.2400889218229
"191","gbif117",-95.846703,19.058895,NA,NA,NA,NA,NA,NA,-95.846703,19.058895
"192","gbif1170",-82.2991,9.45312,NA,NA,NA,NA,NA,NA,-82.2991,9.45312
"193","gbif1171",-83.0562,9.98274,-83.0522586030162,9.99175371895684,-83.0487127245786,10.0370507595406,6.0629667864695,5.0252233003051,-83.0487127245786,10.0370507595406
"194","gbif1172",-76.4371,18.1854,-76.4370969119314,18.1854325950731,-76.447490275977,18.2400889218229,6.15206588012329,6.14857463493569,-76.447490275977,18.2400889218229
"195","gbif1173",-83.08,9.98837,-83.0743377183093,10.0012720021745,-83.0487127245786,10.0370507595406,6.38418801274658,4.85314635584322,-83.0487127245786,10.0370507595406
"196","gbif1174",-76.4371,18.1854,-76.4370969119314,18.1854325950731,-76.447490275977,18.2400889218229,6.15206588012329,6.14857463493569,-76.447490275977,18.2400889218229
"197","gbif1175",-76.8935,18.3927,-76.8989995952218,18.3847873386231,-76.8475643637711,18.373471656169,5.30025480964009,5.57791853878452,-76.8475643637711,18.373471656169
"198","gbif1176",-76.8935,18.3927,-76.8989995952218,18.3847873386231,-76.8475643637711,18.373471656169,5.30025480964009,5.57791853878452,-76.8475643637711,18.373471656169
"199","gbif1177",-82.1104,9.31979,-82.1152065197259,9.3045572434235,-82.1152065197259,9.37013708781031,5.59349172842131,7.25329471553677,-82.1152065197259,9.37013708781031
"200","gbif1178",-83.08,9.98837,-83.0743377183093,10.0012720021745,-83.0487127245786,10.0370507595406,6.38418801274658,4.85314635584322,-83.0487127245786,10.0370507595406
"201","gbif1179",-83.08,9.98837,-83.0743377183093,10.0012720021745,-83.0487127245786,10.0370507595406,6.38418801274658,4.85314635584322,-83.0487127245786,10.0370507595406
"202","gbif118",-88.158688,16.882191,NA,NA,NA,NA,NA,NA,-88.158688,16.882191
"203","gbif1180",-82.1107,9.31979,-82.1152065197259,9.3045572434235,-82.1152065197259,9.37013708781031,5.59047724333729,7.25329471553677,-82.1152065197259,9.37013708781031
"204","gbif1181",-82.1678,9.35074,NA,NA,NA,NA,NA,NA,-82.1678,9.35074
"205","gbif1182",-76.8935,18.3927,-76.8989995952218,18.3847873386231,-76.8475643637711,18.373471656169,5.30025480964009,5.57791853878452,-76.8475643637711,18.373471656169
"206","gbif1183",-83.0863,9.97648,-83.0752699518462,10.0016738425415,-83.0487127245786,10.0370507595406,7.86547036765258,4.87728401708611,-83.0487127245786,10.0370507595406
"207","gbif1184",-76.2589,18.001,-76.2539554617442,18.0028806335435,-76.24745323208,18.0400148203038,4.48506173826299,4.16729167481529,-76.24745323208,18.0400148203038
"208","gbif1185",-76.4543,18.1888,-76.454138240866,18.1892274200347,-76.447490275977,18.2400889218229,5.72229663800881,5.67322203633879,-76.447490275977,18.2400889218229
"209","gbif1186",-77.4511,18.4705,-77.4476754954621,18.4852111543758,-77.4476754954621,18.4852111543758,1.66799523843145,0,-77.4476754954621,18.4852111543758
"210","gbif1187",-76.4371,18.1854,-76.4370969119314,18.1854325950731,-76.447490275977,18.2400889218229,6.15206588012329,6.14857463493569,-76.447490275977,18.2400889218229
"211","gbif1188",-83.08,9.98837,-83.0743377183093,10.0012720021745,-83.0487127245786,10.0370507595406,6.38418801274658,4.85314635584322,-83.0487127245786,10.0370507595406
"212","gbif1189",-82.18,9.37,NA,NA,NA,NA,NA,NA,-82.18,9.37
"213","gbif119",-68.277835,12.081833,-68.2517522072063,12.1074459993033,-68.3126504908316,12.1044831419044,4.54350671189763,6.63748120543828,-68.3126504908316,12.1044831419044
"214","gbif1190",-76.4371,18.1854,-76.4370969119314,18.1854325950731,-76.447490275977,18.2400889218229,6.15206588012329,6.14857463493569,-76.447490275977,18.2400889218229
"215","gbif1191",-83.08,9.98837,-83.0743377183093,10.0012720021745,-83.0487127245786,10.0370507595406,6.38418801274658,4.85314635584322,-83.0487127245786,10.0370507595406
"216","gbif1192",-82.1678,9.35074,NA,NA,NA,NA,NA,NA,-82.1678,9.35074
"217","gbif1193",-76.4371,18.1854,-76.4370969119314,18.1854325950731,-76.447490275977,18.2400889218229,6.15206588012329,6.14857463493569,-76.447490275977,18.2400889218229
"218","gbif1194",-83.0761,9.99114,-83.0720795461989,10.000298599463,-83.0487127245786,10.0370507595406,5.89930844422385,4.80490148896802,-83.0487127245786,10.0370507595406
"219","gbif1195",-76.4371,18.1854,-76.4370969119314,18.1854325950731,-76.447490275977,18.2400889218229,6.15206588012329,6.14857463493569,-76.447490275977,18.2400889218229
"220","gbif1196",-76.4371,18.1854,-76.4370969119314,18.1854325950731,-76.447490275977,18.2400889218229,6.15206588012329,6.14857463493569,-76.447490275977,18.2400889218229
"221","gbif1197",-77.4511,18.4705,-77.4476754954621,18.4852111543758,-77.4476754954621,18.4852111543758,1.66799523843145,0,-77.4476754954621,18.4852111543758
"222","gbif1198",-82.1678,9.35074,NA,NA,NA,NA,NA,NA,-82.1678,9.35074
"223","gbif1199",-76.4371,18.1854,-76.4370969119314,18.1854325950731,-76.447490275977,18.2400889218229,6.15206588012329,6.14857463493569,-76.447490275977,18.2400889218229
"224","gbif12",-88.337383,16.377803,NA,NA,NA,NA,NA,NA,-88.337383,16.377803
"225","gbif120",-68.330548,12.138851,-68.3069839996345,12.1619320900085,-68.3126504908316,12.1044831419044,4.27194235063956,6.38500533411697,-68.3126504908316,12.1044831419044
"226","gbif1200",-87.741375,18.422991,NA,NA,NA,NA,NA,NA,-87.741375,18.422991
"227","gbif1201",-87.774509,18.588317,-87.7787073253671,18.5885867335259,-87.7162437488424,18.573545757688,6.36367279516283,6.80013937757644,-87.7162437488424,18.573545757688
"228","gbif1202",-86.854667,16.061397,NA,NA,NA,NA,NA,NA,-86.854667,16.061397
"229","gbif1203",-86.843361,16.171579,NA,NA,NA,NA,NA,NA,-86.843361,16.171579
"230","gbif1204",-86.828372,16.133771,NA,NA,NA,NA,NA,NA,-86.828372,16.133771
"231","gbif1205",-86.904553,16.145627,NA,NA,NA,NA,NA,NA,-86.904553,16.145627
"232","gbif1206",-86.847676,16.039177,NA,NA,NA,NA,NA,NA,-86.847676,16.039177
"233","gbif1207",-86.911645,16.094871,NA,NA,NA,NA,NA,NA,-86.911645,16.094871
"234","gbif1208",-86.836946,16.050801,NA,NA,NA,NA,NA,NA,-86.836946,16.050801
"235","gbif1209",-86.864085,16.188106,NA,NA,NA,NA,NA,NA,-86.864085,16.188106
"236","gbif121",-68.369487,12.334606,-68.3735889280453,12.3045572434235,-68.3126504908316,12.3045572434235,7.01923958818217,6.62881556237923,-68.3126504908316,12.3045572434235
"237","gbif1210",-86.802224,16.197649,NA,NA,NA,NA,NA,NA,-86.802224,16.197649
"238","gbif1211",-86.85353,16.117269,NA,NA,NA,NA,NA,NA,-86.85353,16.117269
"239","gbif1212",-86.855853,16.084745,NA,NA,NA,NA,NA,NA,-86.855853,16.084745
"240","gbif1213",-86.871991,16.101149,NA,NA,NA,NA,NA,NA,-86.871991,16.101149
"241","gbif1214",-86.861565,16.189326,NA,NA,NA,NA,NA,NA,-86.861565,16.189326
"242","gbif1215",-86.891429,16.195595,NA,NA,NA,NA,NA,NA,-86.891429,16.195595
"243","gbif1216",-86.825294,16.188566,NA,NA,NA,NA,NA,NA,-86.825294,16.188566
"244","gbif1217",-86.904409,16.133804,NA,NA,NA,NA,NA,NA,-86.904409,16.133804
"245","gbif1218",-87.693391,18.556537,NA,NA,NA,NA,NA,NA,-87.693391,18.556537
"246","gbif1219",-87.606455,18.548808,NA,NA,NA,NA,NA,NA,-87.606455,18.548808
"247","gbif122",-68.259503,12.069725,NA,NA,NA,NA,NA,NA,-68.259503,12.069725
"248","gbif1220",-87.733137,18.555726,-87.7801527131969,18.5575628295574,-87.7162437488424,18.573545757688,2.65903809659756,6.97446672562409,-87.7162437488424,18.573545757688
"249","gbif1221",-59.625708,13.08537,NA,NA,NA,NA,NA,NA,-59.625708,13.08537
"250","gbif1222",-59.728396,13.172036,NA,NA,NA,NA,NA,NA,-59.728396,13.172036
"251","gbif1223",-87.702696,18.418282,NA,NA,NA,NA,NA,NA,-87.702696,18.418282
"252","gbif1224",-61.700365,17.031038,-61.7007813845883,17.0369282590602,-61.6447490275977,17.0396443127084,5.99731524626485,5.97300910656913,-61.6447490275977,17.0396443127084
"253","gbif1225",-61.720437,17.07888,NA,NA,NA,NA,NA,NA,-61.720437,17.07888
"254","gbif1226",-87.605506,16.76234,NA,NA,NA,NA,NA,NA,-87.605506,16.76234
"255","gbif1227",-87.708842,16.735642,NA,NA,NA,NA,NA,NA,-87.708842,16.735642
"256","gbif1228",-59.624345,13.007787,NA,NA,NA,NA,NA,NA,-59.624345,13.007787
"257","gbif1229",-59.746914,13.048494,NA,NA,NA,NA,NA,NA,-59.746914,13.048494
"258","gbif123",-68.243662,12.202407,-68.2405509208901,12.2030247550425,-68.2459714761993,12.2378658762505,3.93061538292294,3.89910503482669,-68.2459714761993,12.2378658762505
"259","gbif1230",-65.235736,18.13771,NA,NA,NA,NA,NA,NA,-65.235736,18.13771
"260","gbif1231",-88.351157,16.6319,-88.3238819379672,16.627674513961,-88.3238819379672,16.627674513961,2.9473798158673,0,-88.3238819379672,16.627674513961
"261","gbif1232",-95.938046,19.101481,NA,NA,NA,NA,NA,NA,-95.938046,19.101481
"262","gbif1233",-63.255787,17.676221,NA,NA,NA,NA,NA,NA,-63.255787,17.676221
"263","gbif1234",-86.924929,16.18166,NA,NA,NA,NA,NA,NA,-86.924929,16.18166
"264","gbif1235",-61.101071,14.5145,NA,NA,NA,NA,NA,NA,-61.101071,14.5145
"265","gbif1236",-69.152506,12.023759,NA,NA,NA,NA,NA,NA,-69.152506,12.023759
"266","gbif1237",-69.090546,12.135632,NA,NA,NA,NA,NA,NA,-69.090546,12.135632
"267","gbif1238",-69.023908,12.020674,NA,NA,NA,NA,NA,NA,-69.023908,12.020674
"268","gbif1239",-69.114014,12.131295,NA,NA,NA,NA,NA,NA,-69.114014,12.131295
"269","gbif124",-86.393812,16.469848,NA,NA,NA,NA,NA,NA,-86.393812,16.469848
"270","gbif1240",-63.226434,17.760749,NA,NA,NA,NA,NA,NA,-63.226434,17.760749
"271","gbif1241",-59.645505,13.119678,NA,NA,NA,NA,NA,NA,-59.645505,13.119678
"272","gbif1242",-59.786197,13.116877,NA,NA,NA,NA,NA,NA,-59.786197,13.116877
"273","gbif1243",-60.961241,14.585671,-61.0449973515111,14.5720637273064,-61.111316910539,14.5720637273064,16.2418258081336,7.14669029578673,-61.111316910539,14.5720637273064
"274","gbif1244",-61.006216,14.569115,-61.0449973515111,14.5720637273064,-61.111316910539,14.5720637273064,11.3305972945039,7.14669029578673,-61.111316910539,14.5720637273064
"275","gbif1245",-67.23894,18.230822,NA,NA,NA,NA,NA,NA,-67.23894,18.230822
"276","gbif1246",-67.222966,18.380284,NA,NA,NA,NA,NA,NA,-67.222966,18.380284
"277","gbif1247",-67.321612,18.326616,NA,NA,NA,NA,NA,NA,-67.321612,18.326616
"278","gbif1248",-70.786503,18.534304,-70.7797740322282,18.3656256129722,-70.7797740322282,18.3067802889959,25.1934547545382,6.51322638223293,-70.7797740322282,18.3067802889959
"279","gbif1249",-69.077298,18.227151,NA,NA,NA,NA,NA,NA,-69.077298,18.227151
"280","gbif125",-79.623342,9.696932,NA,NA,NA,NA,NA,NA,-79.623342,9.696932
"281","gbif1250",-69.03724,18.311766,NA,NA,NA,NA,NA,NA,-69.03724,18.311766
"282","gbif1251",-97.219677,20.974224,NA,NA,NA,NA,NA,NA,-97.219677,20.974224
"283","gbif1252",-97.236393,21.023983,NA,NA,NA,NA,NA,NA,-97.236393,21.023983
"284","gbif1253",-60.563056,11.307222,-60.5473791261042,11.3270314035498,-60.5112057788479,11.3041867358281,5.6706137983974,4.68831934500107,-60.5112057788479,11.3041867358281
"285","gbif1254",-61.279722,14.086389,NA,NA,NA,NA,NA,NA,-61.279722,14.086389
"286","gbif1255",-61.226389,14.043333,NA,NA,NA,NA,NA,NA,-61.226389,14.043333
"287","gbif1256",-61.284444,14.112778,NA,NA,NA,NA,NA,NA,-61.284444,14.112778
"288","gbif1257",-67.238792,10.553123,NA,NA,NA,NA,NA,NA,-67.238792,10.553123
"289","gbif1258",-81.479446,21.969482,NA,NA,NA,NA,NA,NA,-81.479446,21.969482
"290","gbif1259",-81.285583,21.8479,-81.3087079617919,21.8414227491664,-81.2483793295055,21.8414227491664,3.91220459364308,6.23656925870371,-81.2483793295055,21.8414227491664
"291","gbif126",-68.350932,12.36515,NA,NA,NA,NA,NA,NA,-68.350932,12.36515
"292","gbif1260",-82.324165,9.423317,NA,NA,NA,NA,NA,NA,-82.324165,9.423317
"293","gbif1261",-74.459999,24.16,NA,NA,NA,NA,NA,NA,-74.459999,24.16
"294","gbif1262",-77.691002,24.630671,NA,NA,NA,NA,NA,NA,-77.691002,24.630671
"295","gbif1263",-78.085571,25.313219,NA,NA,NA,NA,NA,NA,-78.085571,25.313219
"296","gbif1264",-78.884453,9.588017,NA,NA,NA,NA,NA,NA,-78.884453,9.588017
"297","gbif1265",-64.231499,18.666082,NA,NA,NA,NA,NA,NA,-64.231499,18.666082
"298","gbif1266",-79.409164,21.07115,NA,NA,NA,NA,NA,NA,-79.409164,21.07115
"299","gbif1267",-78.311119,18.377451,NA,NA,NA,NA,NA,NA,-78.311119,18.377451
"300","gbif1268",-71.110466,21.43845,NA,NA,NA,NA,NA,NA,-71.110466,21.43845
"301","gbif1269",-79.145279,22.653334,NA,NA,NA,NA,NA,NA,-79.145279,22.653334
"302","gbif127",-80.344807,25.087631,NA,NA,NA,NA,NA,NA,-80.344807,25.087631
"303","gbif1270",-77.629173,24.253151,NA,NA,NA,NA,NA,NA,-77.629173,24.253151
"304","gbif1271",-66.884186,11.800233,NA,NA,NA,NA,NA,NA,-66.884186,11.800233
"305","gbif1272",-66.705765,11.766367,NA,NA,NA,NA,NA,NA,-66.705765,11.766367
"306","gbif1273",-77.693176,24.6259,NA,NA,NA,NA,NA,NA,-77.693176,24.6259
"307","gbif1274",-82.430786,21.544283,NA,NA,NA,NA,NA,NA,-82.430786,21.544283
"308","gbif1275",-81.514603,22.036051,NA,NA,NA,NA,NA,NA,-81.514603,22.036051
"309","gbif1276",-77.693176,24.6259,NA,NA,NA,NA,NA,NA,-77.693176,24.6259
"310","gbif1277",-78.034332,25.223921,NA,NA,NA,NA,NA,NA,-78.034332,25.223921
"311","gbif1278",-65.314964,18.338083,-65.3120948323764,18.3112263801408,-65.3120948323764,18.373471656169,3.92868076660646,6.88955059508306,-65.3120948323764,18.373471656169
"312","gbif1279",-80.301498,25.11875,NA,NA,NA,NA,NA,NA,-80.301498,25.11875
"313","gbif128",-64.856516,18.398165,NA,NA,NA,NA,NA,NA,-64.856516,18.398165
"314","gbif1280",-81.247231,21.833334,NA,NA,NA,NA,NA,NA,-81.247231,21.833334
"315","gbif1281",-77.629173,24.253151,NA,NA,NA,NA,NA,NA,-77.629173,24.253151
"316","gbif1282",-77.426369,23.79092,NA,NA,NA,NA,NA,NA,-77.426369,23.79092
"317","gbif1283",-81.247231,21.833334,NA,NA,NA,NA,NA,NA,-81.247231,21.833334
"318","gbif1284",-81.197563,21.804667,NA,NA,NA,NA,NA,NA,-81.197563,21.804667
"319","gbif1285",-81.425797,21.902267,NA,NA,NA,NA,NA,NA,-81.425797,21.902267
"320","gbif1286",-77.647881,24.3013,NA,NA,NA,NA,NA,NA,-77.647881,24.3013
"321","gbif1287",-80.126663,23.1,NA,NA,NA,NA,NA,NA,-80.126663,23.1
"322","gbif1288",-87.333969,18.753532,NA,NA,NA,NA,NA,NA,-87.333969,18.753532
"323","gbif1289",-66.622665,11.954284,NA,NA,NA,NA,NA,NA,-66.622665,11.954284
"324","gbif129",-68.28911,12.365324,NA,NA,NA,NA,NA,NA,-68.28911,12.365324
"325","gbif1290",-81.197563,21.804667,NA,NA,NA,NA,NA,NA,-81.197563,21.804667
"326","gbif1291",-81.519333,22.09885,NA,NA,NA,NA,NA,NA,-81.519333,22.09885
"327","gbif1292",-66.884186,11.800233,NA,NA,NA,NA,NA,NA,-66.884186,11.800233
"328","gbif1293",-81.077934,19.343901,NA,NA,NA,NA,NA,NA,-81.077934,19.343901
"329","gbif1294",-87.316513,18.510616,NA,NA,NA,NA,NA,NA,-87.316513,18.510616
"330","gbif1295",-79.944298,21.666683,NA,NA,NA,NA,NA,NA,-79.944298,21.666683
"331","gbif1296",-87.305977,20.399799,NA,NA,NA,NA,NA,NA,-87.305977,20.399799
"332","gbif1297",-77.770172,24.72917,-77.7820188029016,24.7192993682217,-77.7810705686238,24.7758429047796,5.28615131931617,6.2640192548897,-77.7810705686238,24.7758429047796
"333","gbif1298",-78.034332,25.223921,NA,NA,NA,NA,NA,NA,-78.034332,25.223921
"334","gbif1299",-64.231499,18.666082,NA,NA,NA,NA,NA,NA,-64.231499,18.666082
"335","gbif13",-88.161082,17.668617,NA,NA,NA,NA,NA,NA,-88.161082,17.668617
"336","gbif130",-68.337335,12.25303,-68.3280315259135,12.2628611086786,-68.3126504908316,12.3045572434235,6.30100958267268,4.9066906398974,-68.3126504908316,12.3045572434235
"337","gbif1300",-63.228001,17.649666,-63.2414616532317,17.6398666172657,-63.1783663641415,17.6398666172657,5.37748218152161,6.69554053517968,-63.1783663641415,17.6398666172657
"338","gbif1301",-79.430214,21.067783,NA,NA,NA,NA,NA,NA,-79.430214,21.067783
"339","gbif1302",-79.409164,21.07115,NA,NA,NA,NA,NA,NA,-79.409164,21.07115
"340","gbif1303",-81.247231,21.833334,NA,NA,NA,NA,NA,NA,-81.247231,21.833334
"341","gbif1304",-77.358131,18.463051,-77.3596514970282,18.4802240407351,-77.3596514970282,18.4802240407351,1.90757714924747,0,-77.3596514970282,18.4802240407351
"342","gbif1305",-77.698997,24.483999,NA,NA,NA,NA,NA,NA,-77.698997,24.483999
"343","gbif1306",-82.449249,21.543533,NA,NA,NA,NA,NA,NA,-82.449249,21.543533
"344","gbif1307",-88.080002,16.780001,NA,NA,NA,NA,NA,NA,-88.080002,16.780001
"345","gbif1308",-81.247231,21.833334,NA,NA,NA,NA,NA,NA,-81.247231,21.833334
"346","gbif1309",-77.376999,23.696501,NA,NA,NA,NA,NA,NA,-77.376999,23.696501
"347","gbif131",-80.284236,25.118655,NA,NA,NA,NA,NA,NA,-80.284236,25.118655
"348","gbif1310",-78.034332,25.223921,NA,NA,NA,NA,NA,NA,-78.034332,25.223921
"349","gbif1311",-77.38237,23.709669,NA,NA,NA,NA,NA,NA,-77.38237,23.709669
"350","gbif1312",-81.105301,19.292749,NA,NA,NA,NA,NA,NA,-81.105301,19.292749
"351","gbif1313",-77.693176,24.6259,NA,NA,NA,NA,NA,NA,-77.693176,24.6259
"352","gbif1314",-63.060001,17.995667,NA,NA,NA,NA,NA,NA,-63.060001,17.995667
"353","gbif1315",-78.728081,9.488684,NA,NA,NA,NA,NA,NA,-78.728081,9.488684
"354","gbif1316",-77.770172,24.72917,-77.7820188029016,24.7192993682217,-77.7810705686238,24.7758429047796,5.28615131931617,6.2640192548897,-77.7810705686238,24.7758429047796
"355","gbif1317",-77.426369,23.79092,NA,NA,NA,NA,NA,NA,-77.426369,23.79092
"356","gbif1318",-87.526497,17.221001,NA,NA,NA,NA,NA,NA,-87.526497,17.221001
"357","gbif1319",-81.519333,22.09885,NA,NA,NA,NA,NA,NA,-81.519333,22.09885
"358","gbif132",-87.934906,18.239458,NA,NA,NA,NA,NA,NA,-87.934906,18.239458
"359","gbif1320",-77.426369,23.79092,NA,NA,NA,NA,NA,NA,-77.426369,23.79092
"360","gbif1321",-78.012581,18.457783,-78.0136067522523,18.4667927133692,-77.9811076125208,18.506854390515,6.36787866263645,5.6073773036097,-77.9811076125208,18.506854390515
"361","gbif1322",-77.858597,24.842171,NA,NA,NA,NA,NA,NA,-77.858597,24.842171
"362","gbif1323",-81.681801,21.576967,NA,NA,NA,NA,NA,NA,-81.681801,21.576967
"363","gbif1324",-81.180984,21.784901,NA,NA,NA,NA,NA,NA,-81.180984,21.784901
"364","gbif1325",-77.647881,24.3013,NA,NA,NA,NA,NA,NA,-77.647881,24.3013
"365","gbif1326",-87.831665,18.219166,NA,NA,NA,NA,NA,NA,-87.831665,18.219166
"366","gbif1327",-78.354134,18.31255,NA,NA,NA,NA,NA,NA,-78.354134,18.31255
"367","gbif1328",-87.744049,17.59375,NA,NA,NA,NA,NA,NA,-87.744049,17.59375
"368","gbif1329",-77.537033,24.097931,-77.5637787323847,24.0913518378895,-77.5143545100944,24.1089292330493,2.60773285796534,5.38905128935586,-77.5143545100944,24.1089292330493
"369","gbif133",-61.239929,13.204049,-61.2662931112096,13.1952105968248,-61.311353954436,13.1715450166729,8.53692895233809,5.54218335483268,-61.311353954436,13.1715450166729
"370","gbif1330",-81.820747,9.106234,-81.8172577162513,9.11048841249628,-81.7818114465642,9.10337161911821,4.29172752751239,3.97515475100498,-81.7818114465642,9.10337161911821
"371","gbif1331",-77.602501,22.024723,NA,NA,NA,NA,NA,NA,-77.602501,22.024723
"372","gbif1332",-87.82682,18.239201,NA,NA,NA,NA,NA,NA,-87.82682,18.239201
"373","gbif1333",-79.430214,21.067783,NA,NA,NA,NA,NA,NA,-79.430214,21.067783
"374","gbif1334",-81.180984,21.784901,NA,NA,NA,NA,NA,NA,-81.180984,21.784901
"375","gbif1335",-81.425797,21.902267,NA,NA,NA,NA,NA,NA,-81.425797,21.902267
"376","gbif1336",-81.519333,22.09885,NA,NA,NA,NA,NA,NA,-81.519333,22.09885
"377","gbif1337",-81.247231,21.833334,NA,NA,NA,NA,NA,NA,-81.247231,21.833334
"378","gbif1338",-77.770172,24.72917,-77.7820188029016,24.7192993682217,-77.7810705686238,24.7758429047796,5.28615131931617,6.2640192548897,-77.7810705686238,24.7758429047796
"379","gbif1339",-87.699867,16.914351,NA,NA,NA,NA,NA,NA,-87.699867,16.914351
"380","gbif134",-64.965744,18.392088,-64.965384512548,18.3941003362582,-64.9786997592147,18.440163023342,5.49440649701776,5.28895947486541,-64.9786997592147,18.440163023342
"381","gbif1340",-65.248367,18.3311,NA,NA,NA,NA,NA,NA,-65.248367,18.3311
"382","gbif1341",-82.324165,9.423317,NA,NA,NA,NA,NA,NA,-82.324165,9.423317
"383","gbif1342",-77.683723,24.5448,NA,NA,NA,NA,NA,NA,-77.683723,24.5448
"384","gbif1343",-77.698997,24.483999,NA,NA,NA,NA,NA,NA,-77.698997,24.483999
"385","gbif1344",-78.034332,25.223921,NA,NA,NA,NA,NA,NA,-78.034332,25.223921
"386","gbif1345",-61.349133,12.633467,NA,NA,NA,NA,NA,NA,-61.349133,12.633467
"387","gbif1346",-87.410469,18.408817,NA,NA,NA,NA,NA,NA,-87.410469,18.408817
"388","gbif1347",-77.65638,24.3069,NA,NA,NA,NA,NA,NA,-77.65638,24.3069
"389","gbif1348",-77.602501,22.024723,NA,NA,NA,NA,NA,NA,-77.602501,22.024723
"390","gbif1349",-77.376999,23.696501,NA,NA,NA,NA,NA,NA,-77.376999,23.696501
"391","gbif135",-65.374993,18.37164,NA,NA,NA,NA,NA,NA,-65.374993,18.37164
"392","gbif1350",-78.085571,25.313219,NA,NA,NA,NA,NA,NA,-78.085571,25.313219
"393","gbif1351",-82.304085,21.560801,NA,NA,NA,NA,NA,NA,-82.304085,21.560801
"394","gbif1352",-77.860977,24.844931,NA,NA,NA,NA,NA,NA,-77.860977,24.844931
"395","gbif1353",-77.743431,24.69953,-77.7678185908596,24.6926048181617,-77.7143915539915,24.7091515376065,3.12580817886443,5.70867593259974,-77.7143915539915,24.7091515376065
"396","gbif1354",-77.646202,24.29167,NA,NA,NA,NA,NA,NA,-77.646202,24.29167
"397","gbif1355",-81.635834,21.580917,NA,NA,NA,NA,NA,NA,-81.635834,21.580917
"398","gbif1356",-81.285583,21.8479,-81.3087079617919,21.8414227491664,-81.2483793295055,21.8414227491664,3.91220459364308,6.23656925870371,-81.2483793295055,21.8414227491664
"399","gbif1357",-77.698067,24.439501,NA,NA,NA,NA,NA,NA,-77.698067,24.439501
"400","gbif1358",-81.180984,21.784901,NA,NA,NA,NA,NA,NA,-81.180984,21.784901
"401","gbif1359",-81.180984,21.784901,NA,NA,NA,NA,NA,NA,-81.180984,21.784901
"402","gbif136",-61.54798,16.15616,-61.5721809727665,16.1530522936619,-61.511390998333,16.1726565394591,4.31791959250087,6.85371023081666,-61.511390998333,16.1726565394591
"403","gbif1360",-78.12722,22.4825,NA,NA,NA,NA,NA,NA,-78.12722,22.4825
"404","gbif1361",-81.180984,21.784901,NA,NA,NA,NA,NA,NA,-81.180984,21.784901
"405","gbif1362",-77.860977,24.844931,NA,NA,NA,NA,NA,NA,-77.860977,24.844931
"406","gbif1363",-77.743431,24.69953,-77.7678185908596,24.6926048181617,-77.7143915539915,24.7091515376065,3.12580817886443,5.70867593259974,-77.7143915539915,24.7091515376065
"407","gbif1364",-77.426369,23.79092,NA,NA,NA,NA,NA,NA,-77.426369,23.79092
"408","gbif1365",-78.012581,18.457783,-78.0136067522523,18.4667927133692,-77.9811076125208,18.506854390515,6.36787866263645,5.6073773036097,-77.9811076125208,18.506854390515
"409","gbif1366",-82.338165,21.551767,NA,NA,NA,NA,NA,NA,-82.338165,21.551767
"410","gbif1367",-65.314964,18.338083,-65.3120948323764,18.3112263801408,-65.3120948323764,18.373471656169,3.92868076660646,6.88955059508306,-65.3120948323764,18.373471656169
"411","gbif1368",-71.599998,21.299999,NA,NA,NA,NA,NA,NA,-71.599998,21.299999
"412","gbif1369",-77.646202,24.29167,NA,NA,NA,NA,NA,NA,-77.646202,24.29167
"413","gbif137",-86.632309,21.036744,NA,NA,NA,NA,NA,NA,-86.632309,21.036744
"414","gbif1370",-82.317146,21.562784,NA,NA,NA,NA,NA,NA,-82.317146,21.562784
"415","gbif1371",-87.746132,17.59425,NA,NA,NA,NA,NA,NA,-87.746132,17.59425
"416","gbif1372",-77.8563,24.84425,NA,NA,NA,NA,NA,NA,-77.8563,24.84425
"417","gbif1373",-77.693176,24.6259,NA,NA,NA,NA,NA,NA,-77.693176,24.6259
"418","gbif1374",-78.354134,18.31255,NA,NA,NA,NA,NA,NA,-78.354134,18.31255
"419","gbif1375",-80.218903,25.208883,NA,NA,NA,NA,NA,NA,-80.218903,25.208883
"420","gbif1376",-87.302979,20.402189,NA,NA,NA,NA,NA,NA,-87.302979,20.402189
"421","gbif1377",-81.405151,24.546074,NA,NA,NA,NA,NA,NA,-81.405151,24.546074
"422","gbif1378",-79.467415,21.079517,NA,NA,NA,NA,NA,NA,-79.467415,21.079517
"423","gbif1379",-87.313454,18.770166,NA,NA,NA,NA,NA,NA,-87.313454,18.770166
"424","gbif138",-87.93133,17.843321,NA,NA,NA,NA,NA,NA,-87.93133,17.843321
"425","gbif1380",-77.646202,24.29167,NA,NA,NA,NA,NA,NA,-77.646202,24.29167
"426","gbif1381",-81.285583,21.8479,-81.3087079617919,21.8414227491664,-81.2483793295055,21.8414227491664,3.91220459364308,6.23656925870371,-81.2483793295055,21.8414227491664
"427","gbif1382",-81.285583,21.8479,-81.3087079617919,21.8414227491664,-81.2483793295055,21.8414227491664,3.91220459364308,6.23656925870371,-81.2483793295055,21.8414227491664
"428","gbif1383",-65.314964,18.338083,-65.3120948323764,18.3112263801408,-65.3120948323764,18.373471656169,3.92868076660646,6.88955059508306,-65.3120948323764,18.373471656169
"429","gbif1384",-81.425797,21.902267,NA,NA,NA,NA,NA,NA,-81.425797,21.902267
"430","gbif1385",-77.91893,18.505917,-77.9193917071847,18.5074441847231,-77.9811076125208,18.506854390515,6.56669022114025,6.51741291548042,-77.9811076125208,18.506854390515
"431","gbif1386",-81.519333,22.09885,NA,NA,NA,NA,NA,NA,-81.519333,22.09885
"432","gbif1387",-80.348152,25.034967,NA,NA,NA,NA,NA,NA,-80.348152,25.034967
"433","gbif1388",-87.935013,17.385883,NA,NA,NA,NA,NA,NA,-87.935013,17.385883
"434","gbif1389",-82.9804,12.31568,NA,NA,NA,NA,NA,NA,-82.9804,12.31568
"435","gbif139",-65.466268,18.357696,NA,NA,NA,NA,NA,NA,-65.466268,18.357696
"436","gbif1390",-79.971634,21.677134,NA,NA,NA,NA,NA,NA,-79.971634,21.677134
"437","gbif1391",-77.861,24.844999,NA,NA,NA,NA,NA,NA,-77.861,24.844999
"438","gbif1392",-87.959999,17.889999,NA,NA,NA,NA,NA,NA,-87.959999,17.889999
"439","gbif1393",-71.599998,21.299999,NA,NA,NA,NA,NA,NA,-71.599998,21.299999
"440","gbif1394",-66.723,11.881133,NA,NA,NA,NA,NA,NA,-66.723,11.881133
"441","gbif1395",-87.746132,17.59425,NA,NA,NA,NA,NA,NA,-87.746132,17.59425
"442","gbif1396",-78.085571,25.313219,NA,NA,NA,NA,NA,NA,-78.085571,25.313219
"443","gbif1397",-71.110466,21.43845,NA,NA,NA,NA,NA,NA,-71.110466,21.43845
"444","gbif1398",-87.740898,17.570784,NA,NA,NA,NA,NA,NA,-87.740898,17.570784
"445","gbif1399",-77.376999,23.696501,NA,NA,NA,NA,NA,NA,-77.376999,23.696501
"446","gbif14",-86.678503,16.20457,NA,NA,NA,NA,NA,NA,-86.678503,16.20457
"447","gbif140",-88.038106,16.912812,NA,NA,NA,NA,NA,NA,-88.038106,16.912812
"448","gbif1400",-80.301498,25.11875,NA,NA,NA,NA,NA,NA,-80.301498,25.11875
"449","gbif1401",-80.415115,24.98605,NA,NA,NA,NA,NA,NA,-80.415115,24.98605
"450","gbif1402",-77.858597,24.842171,NA,NA,NA,NA,NA,NA,-77.858597,24.842171
"451","gbif1403",-77.65638,24.3069,NA,NA,NA,NA,NA,NA,-77.65638,24.3069
"452","gbif1404",-82.304085,21.560801,NA,NA,NA,NA,NA,NA,-82.304085,21.560801
"453","gbif1405",-80.218903,25.208883,NA,NA,NA,NA,NA,NA,-80.218903,25.208883
"454","gbif1406",-81.077934,19.343901,NA,NA,NA,NA,NA,NA,-81.077934,19.343901
"455","gbif1407",-82.324165,9.423317,NA,NA,NA,NA,NA,NA,-82.324165,9.423317
"456","gbif1408",-96.068336,19.197222,NA,NA,NA,NA,NA,NA,-96.068336,19.197222
"457","gbif1409",-78.354134,18.31255,NA,NA,NA,NA,NA,NA,-78.354134,18.31255
"458","gbif141",-81.011414,24.622364,NA,NA,NA,NA,NA,NA,-81.011414,24.622364
"459","gbif1410",-80.415115,24.98605,NA,NA,NA,NA,NA,NA,-80.415115,24.98605
"460","gbif1411",-81.285583,21.8479,-81.3087079617919,21.8414227491664,-81.2483793295055,21.8414227491664,3.91220459364308,6.23656925870371,-81.2483793295055,21.8414227491664
"461","gbif1412",-87.333969,18.753532,NA,NA,NA,NA,NA,NA,-87.333969,18.753532
"462","gbif1413",-78.085571,25.313219,NA,NA,NA,NA,NA,NA,-78.085571,25.313219
"463","gbif1414",-81.681801,21.576967,NA,NA,NA,NA,NA,NA,-81.681801,21.576967
"464","gbif1415",-81.479446,21.969482,NA,NA,NA,NA,NA,NA,-81.479446,21.969482
"465","gbif1416",-81.876953,24.452066,NA,NA,NA,NA,NA,NA,-81.876953,24.452066
"466","gbif1417",-81.635834,21.580917,NA,NA,NA,NA,NA,NA,-81.635834,21.580917
"467","gbif1418",-87.30658,20.396481,NA,NA,NA,NA,NA,NA,-87.30658,20.396481
"468","gbif1419",-81.077934,19.343901,NA,NA,NA,NA,NA,NA,-81.077934,19.343901
"469","gbif142",-76.626029,25.503021,NA,NA,NA,NA,NA,NA,-76.626029,25.503021
"470","gbif1420",-77.693176,24.6259,NA,NA,NA,NA,NA,NA,-77.693176,24.6259
"471","gbif1421",-66.580452,11.778517,NA,NA,NA,NA,NA,NA,-66.580452,11.778517
"472","gbif1422",-77.8563,24.84425,NA,NA,NA,NA,NA,NA,-77.8563,24.84425
"473","gbif1423",-81.430435,21.912434,NA,NA,NA,NA,NA,NA,-81.430435,21.912434
"474","gbif1424",-81.430435,21.912434,NA,NA,NA,NA,NA,NA,-81.430435,21.912434
"475","gbif1425",-78.354134,18.31255,NA,NA,NA,NA,NA,NA,-78.354134,18.31255
"476","gbif1426",-74.470001,24.15,NA,NA,NA,NA,NA,NA,-74.470001,24.15
"477","gbif1427",-79.944298,21.666683,NA,NA,NA,NA,NA,NA,-79.944298,21.666683
"478","gbif1428",-66.895233,11.792334,NA,NA,NA,NA,NA,NA,-66.895233,11.792334
"479","gbif1429",-77.647881,24.3013,NA,NA,NA,NA,NA,NA,-77.647881,24.3013
"480","gbif143",-74.439184,23.958843,NA,NA,NA,NA,NA,NA,-74.439184,23.958843
"481","gbif1430",-81.515869,22.021616,NA,NA,NA,NA,NA,NA,-81.515869,22.021616
"482","gbif1431",-78.69735,9.5158,NA,NA,NA,NA,NA,NA,-78.69735,9.5158
"483","gbif1432",-66.884186,11.800233,NA,NA,NA,NA,NA,NA,-66.884186,11.800233
"484","gbif1433",-87.302979,20.402189,NA,NA,NA,NA,NA,NA,-87.302979,20.402189
"485","gbif1434",-76.946167,26.540333,NA,NA,NA,NA,NA,NA,-76.946167,26.540333
"486","gbif1435",-78.002899,25.160101,NA,NA,NA,NA,NA,NA,-78.002899,25.160101
"487","gbif1436",-65.248367,18.3311,NA,NA,NA,NA,NA,NA,-65.248367,18.3311
"488","gbif1437",-77.101433,18.414867,NA,NA,NA,NA,NA,NA,-77.101433,18.414867
"489","gbif1438",-87.287849,18.566816,NA,NA,NA,NA,NA,NA,-87.287849,18.566816
"490","gbif1439",-87.699867,16.914351,NA,NA,NA,NA,NA,NA,-87.699867,16.914351
"491","gbif144",-74.483371,24.168612,NA,NA,NA,NA,NA,NA,-74.483371,24.168612
"492","gbif1440",-66.580452,11.778517,NA,NA,NA,NA,NA,NA,-66.580452,11.778517
"493","gbif1441",-78.085571,25.313219,NA,NA,NA,NA,NA,NA,-78.085571,25.313219
"494","gbif1442",-81.515869,22.021616,NA,NA,NA,NA,NA,NA,-81.515869,22.021616
"495","gbif1443",-77.743431,24.69953,-77.7678185908596,24.6926048181617,-77.7143915539915,24.7091515376065,3.12580817886443,5.70867593259974,-77.7143915539915,24.7091515376065
"496","gbif1444",-78.902435,20.772367,NA,NA,NA,NA,NA,NA,-78.902435,20.772367
"497","gbif1445",-77.652779,22.176945,NA,NA,NA,NA,NA,NA,-77.652779,22.176945
"498","gbif1446",-77.646202,24.29167,NA,NA,NA,NA,NA,NA,-77.646202,24.29167
"499","gbif1447",-78.034332,25.223921,NA,NA,NA,NA,NA,NA,-78.034332,25.223921
"500","gbif1448",-66.884186,11.800233,NA,NA,NA,NA,NA,NA,-66.884186,11.800233
"501","gbif1449",-79.88282,19.680733,NA,NA,NA,NA,NA,NA,-79.88282,19.680733
"502","gbif145",-64.667517,18.224141,NA,NA,NA,NA,NA,NA,-64.667517,18.224141
"503","gbif1450",-82.449249,21.543533,NA,NA,NA,NA,NA,NA,-82.449249,21.543533
"504","gbif1451",-77.743431,24.69953,-77.7678185908596,24.6926048181617,-77.7143915539915,24.7091515376065,3.12580817886443,5.70867593259974,-77.7143915539915,24.7091515376065
"505","gbif1452",-74.480003,24.17,NA,NA,NA,NA,NA,NA,-74.480003,24.17
"506","gbif1453",-81.425797,21.902267,NA,NA,NA,NA,NA,NA,-81.425797,21.902267
"507","gbif1454",-81.180984,21.784901,NA,NA,NA,NA,NA,NA,-81.180984,21.784901
"508","gbif1455",-77.683723,24.5448,NA,NA,NA,NA,NA,NA,-77.683723,24.5448
"509","gbif1456",-66.580452,11.778517,NA,NA,NA,NA,NA,NA,-66.580452,11.778517
"510","gbif1457",-77.376999,23.696501,NA,NA,NA,NA,NA,NA,-77.376999,23.696501
"511","gbif1458",-82.449249,21.543533,NA,NA,NA,NA,NA,NA,-82.449249,21.543533
"512","gbif1459",-88.018913,17.672684,NA,NA,NA,NA,NA,NA,-88.018913,17.672684
"513","gbif146",-64.659519,18.317799,-64.6724019280901,18.3325222543356,-64.645304686053,18.3067802889959,1.93531910826564,4.04021577881864,-64.645304686053,18.3067802889959
"514","gbif1460",-78.902435,20.772367,NA,NA,NA,NA,NA,NA,-78.902435,20.772367
"515","gbif1461",-76.988464,26.397783,NA,NA,NA,NA,NA,NA,-76.988464,26.397783
"516","gbif1462",-87.746132,17.59425,NA,NA,NA,NA,NA,NA,-87.746132,17.59425
"517","gbif1463",-77.770172,24.72917,-77.7820188029016,24.7192993682217,-77.7810705686238,24.7758429047796,5.28615131931617,6.2640192548897,-77.7810705686238,24.7758429047796
"518","gbif1464",-87.426613,18.457966,NA,NA,NA,NA,NA,NA,-87.426613,18.457966
"519","gbif1465",-77.029167,18.423082,NA,NA,NA,NA,NA,NA,-77.029167,18.423082
"520","gbif1466",-79.430214,21.067783,NA,NA,NA,NA,NA,NA,-79.430214,21.067783
"521","gbif1467",-78.280998,20.6061,NA,NA,NA,NA,NA,NA,-78.280998,20.6061
"522","gbif1468",-77.68235,24.367029,NA,NA,NA,NA,NA,NA,-77.68235,24.367029
"523","gbif1469",-80.218903,25.208883,NA,NA,NA,NA,NA,NA,-80.218903,25.208883
"524","gbif147",-88.170996,16.949304,NA,NA,NA,NA,NA,NA,-88.170996,16.949304
"525","gbif1470",-76.950386,26.532284,NA,NA,NA,NA,NA,NA,-76.950386,26.532284
"526","gbif1471",-79.019485,20.846001,NA,NA,NA,NA,NA,NA,-79.019485,20.846001
"527","gbif1472",-77.861,24.844999,NA,NA,NA,NA,NA,NA,-77.861,24.844999
"528","gbif1473",-88.080002,16.780001,NA,NA,NA,NA,NA,NA,-88.080002,16.780001
"529","gbif1474",-81.285583,21.8479,-81.3087079617919,21.8414227491664,-81.2483793295055,21.8414227491664,3.91220459364308,6.23656925870371,-81.2483793295055,21.8414227491664
"530","gbif1475",-77.652779,22.176945,NA,NA,NA,NA,NA,NA,-77.652779,22.176945
"531","gbif1476",-77.38237,23.709669,NA,NA,NA,NA,NA,NA,-77.38237,23.709669
"532","gbif1477",-87.699867,16.914351,NA,NA,NA,NA,NA,NA,-87.699867,16.914351
"533","gbif1478",-77.860977,24.844931,NA,NA,NA,NA,NA,NA,-77.860977,24.844931
"534","gbif1479",-81.077934,19.343901,NA,NA,NA,NA,NA,NA,-81.077934,19.343901
"535","gbif148",-80.480342,25.027571,NA,NA,NA,NA,NA,NA,-80.480342,25.027571
"536","gbif1480",-76.874031,18.374866,-76.8774909812692,18.3707152388385,-76.8475643637711,18.373471656169,2.80123325851896,3.1773464161235,-76.8475643637711,18.373471656169
"537","gbif1481",-76.8032,18.318466,-76.8078125425649,18.3136721753972,-76.7808853491387,18.3067802889959,2.69033842812956,2.94712658400154,-76.7808853491387,18.3067802889959
"538","gbif1482",-81.247231,21.833334,NA,NA,NA,NA,NA,NA,-81.247231,21.833334
"539","gbif1483",-88.038086,17.35215,NA,NA,NA,NA,NA,NA,-88.038086,17.35215
"540","gbif1484",-78.034332,25.223921,NA,NA,NA,NA,NA,NA,-78.034332,25.223921
"541","gbif1485",-79.207664,20.966749,NA,NA,NA,NA,NA,NA,-79.207664,20.966749
"542","gbif1486",-77.646202,24.29167,NA,NA,NA,NA,NA,NA,-77.646202,24.29167
"543","gbif1487",-88.038086,17.35215,NA,NA,NA,NA,NA,NA,-88.038086,17.35215
"544","gbif1488",-76.950386,26.532284,NA,NA,NA,NA,NA,NA,-76.950386,26.532284
"545","gbif1489",-74.480003,24.16,NA,NA,NA,NA,NA,NA,-74.480003,24.16
"546","gbif149",-64.629,18.219021,NA,NA,NA,NA,NA,NA,-64.629,18.219021
"547","gbif1490",-77.376999,23.696501,NA,NA,NA,NA,NA,NA,-77.376999,23.696501
"548","gbif1491",-87.410469,18.408817,NA,NA,NA,NA,NA,NA,-87.410469,18.408817
"549","gbif1492",-77.807671,24.751329,-77.8110915000961,24.7483862432583,-77.7810705686238,24.7758429047796,3.82252174320534,4.2976284442484,-77.7810705686238,24.7758429047796
"550","gbif1493",-77.770172,24.72917,-77.7820188029016,24.7192993682217,-77.7810705686238,24.7758429047796,5.28615131931617,6.2640192548897,-77.7810705686238,24.7758429047796
"551","gbif1494",-87.287849,18.566816,NA,NA,NA,NA,NA,NA,-87.287849,18.566816
"552","gbif1495",-78.311119,18.377451,NA,NA,NA,NA,NA,NA,-78.311119,18.377451
"553","gbif1496",-82.805,9.738334,NA,NA,NA,NA,NA,NA,-82.805,9.738334
"554","gbif1497",-77.691002,24.630671,NA,NA,NA,NA,NA,NA,-77.691002,24.630671
"555","gbif1498",-77.376999,23.696501,NA,NA,NA,NA,NA,NA,-77.376999,23.696501
"556","gbif1499",-80.026031,19.677134,NA,NA,NA,NA,NA,NA,-80.026031,19.677134
"557","gbif15",-86.974464,20.98371,-86.8817358224309,20.9224477446456,-86.849416558622,20.907743608744,15.4884619376375,3.73554004713801,-86.849416558622,20.907743608744
"558","gbif150",-64.612726,18.261419,NA,NA,NA,NA,NA,NA,-64.612726,18.261419
"559","gbif1500",-77.8563,24.84425,NA,NA,NA,NA,NA,NA,-77.8563,24.84425
"560","gbif1501",-76.946167,26.540333,NA,NA,NA,NA,NA,NA,-76.946167,26.540333
"561","gbif1502",-81.077934,19.343901,NA,NA,NA,NA,NA,NA,-81.077934,19.343901
"562","gbif1503",-80.415115,24.98605,NA,NA,NA,NA,NA,NA,-80.415115,24.98605
"563","gbif1504",-80.348152,25.034967,NA,NA,NA,NA,NA,NA,-80.348152,25.034967
"564","gbif1505",-65.314964,18.338083,-65.3120948323764,18.3112263801408,-65.3120948323764,18.373471656169,3.92868076660646,6.88955059508306,-65.3120948323764,18.373471656169
"565","gbif1506",-78.693054,22.626667,NA,NA,NA,NA,NA,NA,-78.693054,22.626667
"566","gbif1507",-82.9804,12.31568,NA,NA,NA,NA,NA,NA,-82.9804,12.31568
"567","gbif1508",-81.105301,19.292749,NA,NA,NA,NA,NA,NA,-81.105301,19.292749
"568","gbif1509",-82.317146,21.562784,NA,NA,NA,NA,NA,NA,-82.317146,21.562784
"569","gbif151",-88.148641,16.831134,NA,NA,NA,NA,NA,NA,-88.148641,16.831134
"570","gbif1510",-82.338165,21.551767,NA,NA,NA,NA,NA,NA,-82.338165,21.551767
"571","gbif1511",-81.515869,22.021616,NA,NA,NA,NA,NA,NA,-81.515869,22.021616
"572","gbif1512",-66.689034,11.882234,NA,NA,NA,NA,NA,NA,-66.689034,11.882234
"573","gbif1513",-79.409164,21.07115,NA,NA,NA,NA,NA,NA,-79.409164,21.07115
"574","gbif1514",-79.019485,20.846001,NA,NA,NA,NA,NA,NA,-79.019485,20.846001
"575","gbif1515",-77.8563,24.84425,NA,NA,NA,NA,NA,NA,-77.8563,24.84425
"576","gbif1516",-87.740898,17.570784,NA,NA,NA,NA,NA,NA,-87.740898,17.570784
"577","gbif1517",-77.646202,24.29167,NA,NA,NA,NA,NA,NA,-77.646202,24.29167
"578","gbif1518",-76.988503,26.397833,NA,NA,NA,NA,NA,NA,-76.988503,26.397833
"579","gbif1519",-77.646202,24.29167,NA,NA,NA,NA,NA,NA,-77.646202,24.29167
"580","gbif152",-64.671552,18.220321,NA,NA,NA,NA,NA,NA,-64.671552,18.220321
"581","gbif1520",-77.8563,24.84425,NA,NA,NA,NA,NA,NA,-77.8563,24.84425
"582","gbif1521",-77.861,24.844999,NA,NA,NA,NA,NA,NA,-77.861,24.844999
"583","gbif1522",-77.770172,24.72917,-77.7820188029016,24.7192993682217,-77.7810705686238,24.7758429047796,5.28615131931617,6.2640192548897,-77.7810705686238,24.7758429047796
"584","gbif1523",-77.860977,24.844931,NA,NA,NA,NA,NA,NA,-77.860977,24.844931
"585","gbif1524",-77.983032,25.128851,NA,NA,NA,NA,NA,NA,-77.983032,25.128851
"586","gbif1525",-80.415115,24.98605,NA,NA,NA,NA,NA,NA,-80.415115,24.98605
"587","gbif1526",-78.085571,25.313219,NA,NA,NA,NA,NA,NA,-78.085571,25.313219
"588","gbif1527",-71.110466,21.43845,NA,NA,NA,NA,NA,NA,-71.110466,21.43845
"589","gbif1528",-78.991066,20.833683,NA,NA,NA,NA,NA,NA,-78.991066,20.833683
"590","gbif1529",-77.770172,24.72917,-77.7820188029016,24.7192993682217,-77.7810705686238,24.7758429047796,5.28615131931617,6.2640192548897,-77.7810705686238,24.7758429047796
"591","gbif153",-61.154564,14.587841,NA,NA,NA,NA,NA,NA,-61.154564,14.587841
"592","gbif1530",-71.110466,21.43845,NA,NA,NA,NA,NA,NA,-71.110466,21.43845
"593","gbif1531",-79.019485,20.846001,NA,NA,NA,NA,NA,NA,-79.019485,20.846001
"594","gbif1532",-77.68235,24.367029,NA,NA,NA,NA,NA,NA,-77.68235,24.367029
"595","gbif1533",-76.959,26.577499,NA,NA,NA,NA,NA,NA,-76.959,26.577499
"596","gbif1534",-77.683723,24.5448,NA,NA,NA,NA,NA,NA,-77.683723,24.5448
"597","gbif1535",-77.537033,24.097931,-77.5637787323847,24.0913518378895,-77.5143545100944,24.1089292330493,2.60773285796534,5.38905128935586,-77.5143545100944,24.1089292330493
"598","gbif1536",-82.09893,21.51545,NA,NA,NA,NA,NA,NA,-82.09893,21.51545
"599","gbif1537",-78.002899,25.160101,NA,NA,NA,NA,NA,NA,-78.002899,25.160101
"600","gbif1538",-81.405151,24.546074,NA,NA,NA,NA,NA,NA,-81.405151,24.546074
"601","gbif1539",-78.034332,25.223921,NA,NA,NA,NA,NA,NA,-78.034332,25.223921
"602","gbif154",-64.689185,18.37964,-64.6582420017396,18.3436252391211,-64.645304686053,18.3067802889959,9.30299126563673,4.3013302081386,-64.645304686053,18.3067802889959
"603","gbif1540",-82.09893,21.51545,NA,NA,NA,NA,NA,NA,-82.09893,21.51545
"604","gbif1541",-80.301498,25.11875,NA,NA,NA,NA,NA,NA,-80.301498,25.11875
"605","gbif1542",-77.807671,24.751329,-77.8110915000961,24.7483862432583,-77.7810705686238,24.7758429047796,3.82252174320534,4.2976284442484,-77.7810705686238,24.7758429047796
"606","gbif1543",-81.635834,21.580917,NA,NA,NA,NA,NA,NA,-81.635834,21.580917
"607","gbif1544",-77.860977,24.844931,NA,NA,NA,NA,NA,NA,-77.860977,24.844931
"608","gbif1545",-77.376999,23.696501,NA,NA,NA,NA,NA,NA,-77.376999,23.696501
"609","gbif1546",-81.515869,22.021616,NA,NA,NA,NA,NA,NA,-81.515869,22.021616
"610","gbif1547",-77.647881,24.3013,NA,NA,NA,NA,NA,NA,-77.647881,24.3013
"611","gbif1548",-87.831665,18.219166,NA,NA,NA,NA,NA,NA,-87.831665,18.219166
"612","gbif1549",-79.971634,21.677134,NA,NA,NA,NA,NA,NA,-79.971634,21.677134
"613","gbif155",-74.128361,11.325611,-74.137926965666,11.3594498584544,-74.137926965666,11.3594498584544,3.88604814449729,0,-74.137926965666,11.3594498584544
"614","gbif1550",-78.034332,25.223921,NA,NA,NA,NA,NA,NA,-78.034332,25.223921
"615","gbif1551",-79.944298,21.666683,NA,NA,NA,NA,NA,NA,-79.944298,21.666683
"616","gbif1552",-76.959,26.577499,NA,NA,NA,NA,NA,NA,-76.959,26.577499
"617","gbif1553",-77.698067,24.439501,NA,NA,NA,NA,NA,NA,-77.698067,24.439501
"618","gbif1554",-74.540001,23.950001,-74.514568224885,23.9755464987032,-74.5804778662715,23.9755464987032,4.99776850253307,6.70769270674922,-74.5804778662715,23.9755464987032
"619","gbif1555",-78.034332,25.223921,NA,NA,NA,NA,NA,NA,-78.034332,25.223921
"620","gbif1556",-77.691002,24.630671,NA,NA,NA,NA,NA,NA,-77.691002,24.630671
"621","gbif1557",-77.743431,24.69953,-77.7678185908596,24.6926048181617,-77.7143915539915,24.7091515376065,3.12580817886443,5.70867593259974,-77.7143915539915,24.7091515376065
"622","gbif1558",-74.480003,24.17,NA,NA,NA,NA,NA,NA,-74.480003,24.17
"623","gbif1559",-81.635834,21.580917,NA,NA,NA,NA,NA,NA,-81.635834,21.580917
"624","gbif156",-74.128361,11.325611,-74.137926965666,11.3594498584544,-74.137926965666,11.3594498584544,3.88604814449729,0,-74.137926965666,11.3594498584544
"625","gbif1560",-82.09893,21.51545,NA,NA,NA,NA,NA,NA,-82.09893,21.51545
"626","gbif1561",-77.646202,24.29167,NA,NA,NA,NA,NA,NA,-77.646202,24.29167
"627","gbif1562",-77.646202,24.29167,NA,NA,NA,NA,NA,NA,-77.646202,24.29167
"628","gbif1563",-65.248367,18.3311,NA,NA,NA,NA,NA,NA,-65.248367,18.3311
"629","gbif1564",-71.110466,21.43845,NA,NA,NA,NA,NA,NA,-71.110466,21.43845
"630","gbif1565",-81.515869,22.021616,NA,NA,NA,NA,NA,NA,-81.515869,22.021616
"631","gbif1566",-81.417519,21.891001,NA,NA,NA,NA,NA,NA,-81.417519,21.891001
"632","gbif1567",-77.670677,24.343149,NA,NA,NA,NA,NA,NA,-77.670677,24.343149
"633","gbif1568",-78.902496,22.693611,NA,NA,NA,NA,NA,NA,-78.902496,22.693611
"634","gbif1569",-82.782753,21.451134,NA,NA,NA,NA,NA,NA,-82.782753,21.451134
"635","gbif157",-74.128361,11.325611,-74.137926965666,11.3594498584544,-74.137926965666,11.3594498584544,3.88604814449729,0,-74.137926965666,11.3594498584544
"636","gbif1570",-77.693176,24.6259,NA,NA,NA,NA,NA,NA,-77.693176,24.6259
"637","gbif1571",-77.693176,24.6259,NA,NA,NA,NA,NA,NA,-77.693176,24.6259
"638","gbif1572",-77.68235,24.367029,NA,NA,NA,NA,NA,NA,-77.68235,24.367029
"639","gbif1573",-87.299103,20.40765,-87.3143386782219,20.4114746515275,-87.3161696610483,20.3742126713598,4.10818179379925,4.12966084854752,-87.3161696610483,20.3742126713598
"640","gbif1574",-78.085571,25.313219,NA,NA,NA,NA,NA,NA,-78.085571,25.313219
"641","gbif1575",-79.467415,21.079517,NA,NA,NA,NA,NA,NA,-79.467415,21.079517
"642","gbif1576",-80.415115,24.98605,NA,NA,NA,NA,NA,NA,-80.415115,24.98605
"643","gbif1577",-76.959,26.577499,NA,NA,NA,NA,NA,NA,-76.959,26.577499
"644","gbif1578",-77.743431,24.69953,-77.7678185908596,24.6926048181617,-77.7143915539915,24.7091515376065,3.12580817886443,5.70867593259974,-77.7143915539915,24.7091515376065
"645","gbif1579",-82.102783,9.287,-82.1074696850147,9.28596223494773,-82.0485275050935,9.30344572063728,6.23224102795519,6.75836554589418,-82.0485275050935,9.30344572063728
"646","gbif158",-74.128361,11.325611,-74.137926965666,11.3594498584544,-74.137926965666,11.3594498584544,3.88604814449729,0,-74.137926965666,11.3594498584544
"647","gbif1580",-87.740898,17.570784,NA,NA,NA,NA,NA,NA,-87.740898,17.570784
"648","gbif1581",-87.830833,18.228611,NA,NA,NA,NA,NA,NA,-87.830833,18.228611
"649","gbif1582",-79.145279,22.653334,NA,NA,NA,NA,NA,NA,-79.145279,22.653334
"650","gbif1583",-77.38237,23.709669,NA,NA,NA,NA,NA,NA,-77.38237,23.709669
"651","gbif1584",-77.38237,23.709669,NA,NA,NA,NA,NA,NA,-77.38237,23.709669
"652","gbif1585",-87.313454,18.770166,NA,NA,NA,NA,NA,NA,-87.313454,18.770166
"653","gbif1586",-66.884186,11.800233,NA,NA,NA,NA,NA,NA,-66.884186,11.800233
"654","gbif1587",-76.988464,26.397783,NA,NA,NA,NA,NA,NA,-76.988464,26.397783
"655","gbif1588",-79.944298,21.666683,NA,NA,NA,NA,NA,NA,-79.944298,21.666683
"656","gbif1589",-76.976387,26.59725,NA,NA,NA,NA,NA,NA,-76.976387,26.59725
"657","gbif159",-74.128361,11.325611,-74.137926965666,11.3594498584544,-74.137926965666,11.3594498584544,3.88604814449729,0,-74.137926965666,11.3594498584544
"658","gbif1590",-78.354134,18.31255,NA,NA,NA,NA,NA,NA,-78.354134,18.31255
"659","gbif1591",-77.38665,23.947599,NA,NA,NA,NA,NA,NA,-77.38665,23.947599
"660","gbif1592",-77.693176,24.6259,NA,NA,NA,NA,NA,NA,-77.693176,24.6259
"661","gbif1593",-77.8563,24.84425,NA,NA,NA,NA,NA,NA,-77.8563,24.84425
"662","gbif1594",-87.746132,17.59425,NA,NA,NA,NA,NA,NA,-87.746132,17.59425
"663","gbif1595",-78.034332,25.223921,NA,NA,NA,NA,NA,NA,-78.034332,25.223921
"664","gbif1596",-81.519333,22.09885,NA,NA,NA,NA,NA,NA,-81.519333,22.09885
"665","gbif1597",-80.0728,19.656866,NA,NA,NA,NA,NA,NA,-80.0728,19.656866
"666","gbif1598",-78.085571,25.313219,NA,NA,NA,NA,NA,NA,-78.085571,25.313219
"667","gbif1599",-65.314964,18.338083,-65.3120948323764,18.3112263801408,-65.3120948323764,18.373471656169,3.92868076660646,6.88955059508306,-65.3120948323764,18.373471656169
"668","gbif16",-86.998133,20.950713,-86.892757918133,20.907743608744,-86.849416558622,20.907743608744,16.1843794265626,4.50898367805427,-86.849416558622,20.907743608744
"669","gbif160",-74.128611,11.329861,-74.1370501676457,11.3596875637681,-74.1370501676457,11.3596875637681,3.42549397535746,0,-74.1370501676457,11.3596875637681
"670","gbif1600",-81.425797,21.902267,NA,NA,NA,NA,NA,NA,-81.425797,21.902267
"671","gbif1601",-77.602501,22.024723,NA,NA,NA,NA,NA,NA,-77.602501,22.024723
"672","gbif1602",-77.652779,22.176945,NA,NA,NA,NA,NA,NA,-77.652779,22.176945
"673","gbif1603",-77.647881,24.3013,NA,NA,NA,NA,NA,NA,-77.647881,24.3013
"674","gbif1604",-77.670677,24.343149,NA,NA,NA,NA,NA,NA,-77.670677,24.343149
"675","gbif1605",-74.540001,23.950001,-74.514568224885,23.9755464987032,-74.5804778662715,23.9755464987032,4.99776850253307,6.70769270674922,-74.5804778662715,23.9755464987032
"676","gbif1606",-77.954216,18.456583,-77.9685925354795,18.4778245691165,-77.9685925354795,18.4778245691165,2.79885007420087,0,-77.9685925354795,18.4778245691165
"677","gbif1607",-79.019485,20.846001,NA,NA,NA,NA,NA,NA,-79.019485,20.846001
"678","gbif1608",-78.034332,25.223921,NA,NA,NA,NA,NA,NA,-78.034332,25.223921
"679","gbif1609",-77.376999,23.696501,NA,NA,NA,NA,NA,NA,-77.376999,23.696501
"680","gbif161",-74.128611,11.329861,-74.1370501676457,11.3596875637681,-74.1370501676457,11.3596875637681,3.42549397535746,0,-74.1370501676457,11.3596875637681
"681","gbif1610",-80.301498,25.11875,NA,NA,NA,NA,NA,NA,-80.301498,25.11875
"682","gbif1611",-81.876953,24.452066,NA,NA,NA,NA,NA,NA,-81.876953,24.452066
"683","gbif1612",-81.957298,21.586367,NA,NA,NA,NA,NA,NA,-81.957298,21.586367
"684","gbif1613",-77.691002,24.630671,NA,NA,NA,NA,NA,NA,-77.691002,24.630671
"685","gbif1614",-81.635834,21.580917,NA,NA,NA,NA,NA,NA,-81.635834,21.580917
"686","gbif1615",-77.647881,24.3013,NA,NA,NA,NA,NA,NA,-77.647881,24.3013
"687","gbif1616",-77.698997,24.483999,NA,NA,NA,NA,NA,NA,-77.698997,24.483999
"688","gbif1617",-81.519333,22.09885,NA,NA,NA,NA,NA,NA,-81.519333,22.09885
"689","gbif1618",-77.861,24.844999,NA,NA,NA,NA,NA,NA,-77.861,24.844999
"690","gbif1619",-79.944298,21.666683,NA,NA,NA,NA,NA,NA,-79.944298,21.666683
"691","gbif162",-74.128361,11.325611,-74.137926965666,11.3594498584544,-74.137926965666,11.3594498584544,3.88604814449729,0,-74.137926965666,11.3594498584544
"692","gbif1620",-81.822517,9.107567,-81.8189797717767,9.1118850475027,-81.7818114465642,9.10337161911821,4.49859028343895,4.19283034563314,-81.7818114465642,9.10337161911821
"693","gbif1621",-78.349724,22.540277,-78.360665080428,22.5083364208966,-78.3145026856825,22.5083364208966,5.0636035630231,4.74965479207132,-78.3145026856825,22.5083364208966
"694","gbif1622",-79.290001,21.089817,-79.2924615669568,21.1078177102631,-79.2480088905353,21.1078177102631,4.79668981355737,4.61843747961783,-79.2480088905353,21.1078177102631
"695","gbif1623",-87.333969,18.753532,NA,NA,NA,NA,NA,NA,-87.333969,18.753532
"696","gbif1624",-81.92717,21.595783,NA,NA,NA,NA,NA,NA,-81.92717,21.595783
"697","gbif1625",-76.988503,26.397833,NA,NA,NA,NA,NA,NA,-76.988503,26.397833
"698","gbif1626",-79.430214,21.067783,NA,NA,NA,NA,NA,NA,-79.430214,21.067783
"699","gbif1627",-79.019485,20.846001,NA,NA,NA,NA,NA,NA,-79.019485,20.846001
"700","gbif1628",-81.479446,21.969482,NA,NA,NA,NA,NA,NA,-81.479446,21.969482
"701","gbif1629",-81.635834,21.580917,NA,NA,NA,NA,NA,NA,-81.635834,21.580917
"702","gbif163",-74.128361,11.325611,-74.137926965666,11.3594498584544,-74.137926965666,11.3594498584544,3.88604814449729,0,-74.137926965666,11.3594498584544
"703","gbif1630",-88.139999,16.76,NA,NA,NA,NA,NA,NA,-88.139999,16.76
"704","gbif1631",-77.698067,24.439501,NA,NA,NA,NA,NA,NA,-77.698067,24.439501
"705","gbif1632",-77.858597,24.842171,NA,NA,NA,NA,NA,NA,-77.858597,24.842171
"706","gbif1633",-77.376999,23.696501,NA,NA,NA,NA,NA,NA,-77.376999,23.696501
"707","gbif1634",-78.991066,20.833683,NA,NA,NA,NA,NA,NA,-78.991066,20.833683
"708","gbif1635",-82.03257,9.247033,NA,NA,NA,NA,NA,NA,-82.03257,9.247033
"709","gbif1636",-80.212776,23.151112,NA,NA,NA,NA,NA,NA,-80.212776,23.151112
"710","gbif1637",-77.983032,25.128851,NA,NA,NA,NA,NA,NA,-77.983032,25.128851
"711","gbif1638",-77.743431,24.69953,-77.7678185908596,24.6926048181617,-77.7143915539915,24.7091515376065,3.12580817886443,5.70867593259974,-77.7143915539915,24.7091515376065
"712","gbif1639",-77.647881,24.3013,NA,NA,NA,NA,NA,NA,-77.647881,24.3013
"713","gbif164",-74.128361,11.325611,-74.137926965666,11.3594498584544,-74.137926965666,11.3594498584544,3.88604814449729,0,-74.137926965666,11.3594498584544
"714","gbif1640",-77.698067,24.439501,NA,NA,NA,NA,NA,NA,-77.698067,24.439501
"715","gbif1641",-77.983032,25.128851,NA,NA,NA,NA,NA,NA,-77.983032,25.128851
"716","gbif1642",-81.46685,21.960484,NA,NA,NA,NA,NA,NA,-81.46685,21.960484
"717","gbif1643",-63.228001,17.649666,-63.2414616532317,17.6398666172657,-63.1783663641415,17.6398666172657,5.37748218152161,6.69554053517968,-63.1783663641415,17.6398666172657
"718","gbif1644",-77.693176,24.6259,NA,NA,NA,NA,NA,NA,-77.693176,24.6259
"719","gbif1645",-77.983032,25.128851,NA,NA,NA,NA,NA,NA,-77.983032,25.128851
"720","gbif1646",-81.405151,24.546074,NA,NA,NA,NA,NA,NA,-81.405151,24.546074
"721","gbif1647",-77.537033,24.097931,-77.5637787323847,24.0913518378895,-77.5143545100944,24.1089292330493,2.60773285796534,5.38905128935586,-77.5143545100944,24.1089292330493
"722","gbif1648",-87.447777,19.958334,NA,NA,NA,NA,NA,NA,-87.447777,19.958334
"723","gbif1649",-88.080002,16.780001,NA,NA,NA,NA,NA,NA,-88.080002,16.780001
"724","gbif165",-74.128361,11.325611,-74.137926965666,11.3594498584544,-74.137926965666,11.3594498584544,3.88604814449729,0,-74.137926965666,11.3594498584544
"725","gbif1650",-77.860977,24.844931,NA,NA,NA,NA,NA,NA,-77.860977,24.844931
"726","gbif1651",-77.465553,21.843334,-77.5131530864073,21.8414227491664,-77.4476754954621,21.8414227491664,1.86018058112082,6.76885112230064,-77.4476754954621,21.8414227491664
"727","gbif1652",-87.959999,17.889999,NA,NA,NA,NA,NA,NA,-87.959999,17.889999
"728","gbif1653",-77.983032,25.128851,NA,NA,NA,NA,NA,NA,-77.983032,25.128851
"729","gbif1654",-81.285583,21.8479,-81.3087079617919,21.8414227491664,-81.2483793295055,21.8414227491664,3.91220459364308,6.23656925870371,-81.2483793295055,21.8414227491664
"730","gbif1655",-77.983032,25.128851,NA,NA,NA,NA,NA,NA,-77.983032,25.128851
"731","gbif1656",-82.324165,9.423317,NA,NA,NA,NA,NA,NA,-82.324165,9.423317
"732","gbif1657",-76.456932,18.191151,-76.4572595168103,18.1903139212627,-76.447490275977,18.2400889218229,5.50786590709841,5.60528829931112,-76.447490275977,18.2400889218229
"733","gbif1658",-80.126663,23.1,NA,NA,NA,NA,NA,NA,-80.126663,23.1
"734","gbif1659",-77.419022,23.778219,NA,NA,NA,NA,NA,NA,-77.419022,23.778219
"735","gbif166",-74.128361,11.325611,-74.137926965666,11.3594498584544,-74.137926965666,11.3594498584544,3.88604814449729,0,-74.137926965666,11.3594498584544
"736","gbif1660",-77.426369,23.79092,NA,NA,NA,NA,NA,NA,-77.426369,23.79092
"737","gbif1661",-87.426613,18.457966,NA,NA,NA,NA,NA,NA,-87.426613,18.457966
"738","gbif1662",-74.540001,23.950001,-74.514568224885,23.9755464987032,-74.5804778662715,23.9755464987032,4.99776850253307,6.70769270674922,-74.5804778662715,23.9755464987032
"739","gbif1663",-78.991066,20.833683,NA,NA,NA,NA,NA,NA,-78.991066,20.833683
"740","gbif1664",-81.92717,21.595783,NA,NA,NA,NA,NA,NA,-81.92717,21.595783
"741","gbif1665",-77.376999,23.696501,NA,NA,NA,NA,NA,NA,-77.376999,23.696501
"742","gbif1666",-66.592453,11.910633,NA,NA,NA,NA,NA,NA,-66.592453,11.910633
"743","gbif1667",-66.723,11.881133,NA,NA,NA,NA,NA,NA,-66.723,11.881133
"744","gbif1668",-78.109665,20.584999,NA,NA,NA,NA,NA,NA,-78.109665,20.584999
"745","gbif1669",-65.572502,18.377733,NA,NA,NA,NA,NA,NA,-65.572502,18.377733
"746","gbif167",-74.128361,11.325611,-74.137926965666,11.3594498584544,-74.137926965666,11.3594498584544,3.88604814449729,0,-74.137926965666,11.3594498584544
"747","gbif1670",-77.743431,24.69953,-77.7678185908596,24.6926048181617,-77.7143915539915,24.7091515376065,3.12580817886443,5.70867593259974,-77.7143915539915,24.7091515376065
"748","gbif1671",-82.051666,9.271067,NA,NA,NA,NA,NA,NA,-82.051666,9.271067
"749","gbif1672",-80.218903,25.208883,NA,NA,NA,NA,NA,NA,-80.218903,25.208883
"750","gbif1673",-81.430435,21.912434,NA,NA,NA,NA,NA,NA,-81.430435,21.912434
"751","gbif1674",-81.957298,21.586367,NA,NA,NA,NA,NA,NA,-81.957298,21.586367
"752","gbif1675",-81.425797,21.902267,NA,NA,NA,NA,NA,NA,-81.425797,21.902267
"753","gbif1676",-77.68235,24.367029,NA,NA,NA,NA,NA,NA,-77.68235,24.367029
"754","gbif1677",-74.540001,23.950001,-74.514568224885,23.9755464987032,-74.5804778662715,23.9755464987032,4.99776850253307,6.70769270674922,-74.5804778662715,23.9755464987032
"755","gbif1678",-78.012581,18.457783,-78.0136067522523,18.4667927133692,-77.9811076125208,18.506854390515,6.36787866263645,5.6073773036097,-77.9811076125208,18.506854390515
"756","gbif1679",-66.723,11.881133,NA,NA,NA,NA,NA,NA,-66.723,11.881133
"757","gbif168",-74.128361,11.325611,-74.137926965666,11.3594498584544,-74.137926965666,11.3594498584544,3.88604814449729,0,-74.137926965666,11.3594498584544
"758","gbif1680",-78.085571,25.313219,NA,NA,NA,NA,NA,NA,-78.085571,25.313219
"759","gbif1681",-78.680397,20.644234,NA,NA,NA,NA,NA,NA,-78.680397,20.644234
"760","gbif1682",-66.689034,11.882234,NA,NA,NA,NA,NA,NA,-66.689034,11.882234
"761","gbif1683",-71.113632,21.4589,NA,NA,NA,NA,NA,NA,-71.113632,21.4589
"762","gbif1684",-77.683723,24.5448,NA,NA,NA,NA,NA,NA,-77.683723,24.5448
"763","gbif1685",-77.647881,24.3013,NA,NA,NA,NA,NA,NA,-77.647881,24.3013
"764","gbif1686",-81.417519,21.891001,NA,NA,NA,NA,NA,NA,-81.417519,21.891001
"765","gbif1687",-66.622665,11.954284,NA,NA,NA,NA,NA,NA,-66.622665,11.954284
"766","gbif1688",-81.425797,21.902267,NA,NA,NA,NA,NA,NA,-81.425797,21.902267
"767","gbif1689",-81.247231,21.833334,NA,NA,NA,NA,NA,NA,-81.247231,21.833334
"768","gbif169",-74.128361,11.325611,-74.137926965666,11.3594498584544,-74.137926965666,11.3594498584544,3.88604814449729,0,-74.137926965666,11.3594498584544
"769","gbif1690",-77.376999,23.696501,NA,NA,NA,NA,NA,NA,-77.376999,23.696501
"770","gbif1691",-77.860977,24.844931,NA,NA,NA,NA,NA,NA,-77.860977,24.844931
"771","gbif1692",-78.085571,25.313219,NA,NA,NA,NA,NA,NA,-78.085571,25.313219
"772","gbif1693",-78.847954,20.811966,NA,NA,NA,NA,NA,NA,-78.847954,20.811966
"773","gbif1694",-77.8563,24.84425,NA,NA,NA,NA,NA,NA,-77.8563,24.84425
"774","gbif1695",-80.964996,23.293055,NA,NA,NA,NA,NA,NA,-80.964996,23.293055
"775","gbif1696",-78.991066,20.833683,NA,NA,NA,NA,NA,NA,-78.991066,20.833683
"776","gbif1697",-78.847954,20.811966,NA,NA,NA,NA,NA,NA,-78.847954,20.811966
"777","gbif1698",-79.091263,20.899683,NA,NA,NA,NA,NA,NA,-79.091263,20.899683
"778","gbif1699",-81.180984,21.784901,NA,NA,NA,NA,NA,NA,-81.180984,21.784901
"779","gbif17",-86.820303,20.931398,NA,NA,NA,NA,NA,NA,-86.820303,20.931398
"780","gbif170",-74.128361,11.325611,-74.137926965666,11.3594498584544,-74.137926965666,11.3594498584544,3.88604814449729,0,-74.137926965666,11.3594498584544
"781","gbif1700",-77.683723,24.5448,NA,NA,NA,NA,NA,NA,-77.683723,24.5448
"782","gbif1701",-79.207664,20.966749,NA,NA,NA,NA,NA,NA,-79.207664,20.966749
"783","gbif1702",-77.8563,24.84425,NA,NA,NA,NA,NA,NA,-77.8563,24.84425
"784","gbif1703",-79.467415,21.079517,NA,NA,NA,NA,NA,NA,-79.467415,21.079517
"785","gbif1704",-78.847954,20.811966,NA,NA,NA,NA,NA,NA,-78.847954,20.811966
"786","gbif1705",-77.647881,24.3013,NA,NA,NA,NA,NA,NA,-77.647881,24.3013
"787","gbif1706",-79.584999,22.833611,NA,NA,NA,NA,NA,NA,-79.584999,22.833611
"788","gbif1707",-81.425797,21.902267,NA,NA,NA,NA,NA,NA,-81.425797,21.902267
"789","gbif1708",-74.540001,23.950001,-74.514568224885,23.9755464987032,-74.5804778662715,23.9755464987032,4.99776850253307,6.70769270674922,-74.5804778662715,23.9755464987032
"790","gbif1709",-66.723,11.881133,NA,NA,NA,NA,NA,NA,-66.723,11.881133
"791","gbif171",-74.128361,11.325611,-74.137926965666,11.3594498584544,-74.137926965666,11.3594498584544,3.88604814449729,0,-74.137926965666,11.3594498584544
"792","gbif1710",-77.426369,23.79092,NA,NA,NA,NA,NA,NA,-77.426369,23.79092
"793","gbif1711",-81.519333,22.09885,NA,NA,NA,NA,NA,NA,-81.519333,22.09885
"794","gbif1712",-77.38237,23.709669,NA,NA,NA,NA,NA,NA,-77.38237,23.709669
"795","gbif1713",-65.572502,18.377733,NA,NA,NA,NA,NA,NA,-65.572502,18.377733
"796","gbif1714",-77.629173,24.253151,NA,NA,NA,NA,NA,NA,-77.629173,24.253151
"797","gbif1715",-77.465553,21.843334,-77.5131530864073,21.8414227491664,-77.4476754954621,21.8414227491664,1.86018058112082,6.76885112230064,-77.4476754954621,21.8414227491664
"798","gbif1716",-77.419022,23.778219,NA,NA,NA,NA,NA,NA,-77.419022,23.778219
"799","gbif1717",-80.126663,23.1,NA,NA,NA,NA,NA,NA,-80.126663,23.1
"800","gbif1718",-79.584999,22.833611,NA,NA,NA,NA,NA,NA,-79.584999,22.833611
"801","gbif1719",-74.480003,24.17,NA,NA,NA,NA,NA,NA,-74.480003,24.17
"802","gbif172",-74.128361,11.325611,-74.137926965666,11.3594498584544,-74.137926965666,11.3594498584544,3.88604814449729,0,-74.137926965666,11.3594498584544
"803","gbif1720",-77.858597,24.842171,NA,NA,NA,NA,NA,NA,-77.858597,24.842171
"804","gbif1721",-81.076599,19.333366,NA,NA,NA,NA,NA,NA,-81.076599,19.333366
"805","gbif1722",-82.782753,21.451134,NA,NA,NA,NA,NA,NA,-82.782753,21.451134
"806","gbif1723",-79.467415,21.079517,NA,NA,NA,NA,NA,NA,-79.467415,21.079517
"807","gbif1724",-66.689034,11.882234,NA,NA,NA,NA,NA,NA,-66.689034,11.882234
"808","gbif1725",-81.247231,21.833334,NA,NA,NA,NA,NA,NA,-81.247231,21.833334
"809","gbif1726",-78.002899,25.160101,NA,NA,NA,NA,NA,NA,-78.002899,25.160101
"810","gbif1727",-71.110466,21.43845,NA,NA,NA,NA,NA,NA,-71.110466,21.43845
"811","gbif1728",-87.746132,17.59425,NA,NA,NA,NA,NA,NA,-87.746132,17.59425
"812","gbif1729",-77.629173,24.253151,NA,NA,NA,NA,NA,NA,-77.629173,24.253151
"813","gbif173",-74.128611,11.329861,-74.1370501676457,11.3596875637681,-74.1370501676457,11.3596875637681,3.42549397535746,0,-74.1370501676457,11.3596875637681
"814","gbif1730",-66.580452,11.778517,NA,NA,NA,NA,NA,NA,-66.580452,11.778517
"815","gbif1731",-81.585899,21.585649,NA,NA,NA,NA,NA,NA,-81.585899,21.585649
"816","gbif1732",-65.314964,18.338083,-65.3120948323764,18.3112263801408,-65.3120948323764,18.373471656169,3.92868076660646,6.88955059508306,-65.3120948323764,18.373471656169
"817","gbif1733",-87.744049,17.59375,NA,NA,NA,NA,NA,NA,-87.744049,17.59375
"818","gbif1734",-77.646202,24.29167,NA,NA,NA,NA,NA,NA,-77.646202,24.29167
"819","gbif1735",-81.519333,22.09885,NA,NA,NA,NA,NA,NA,-81.519333,22.09885
"820","gbif1736",-78.085571,25.313219,NA,NA,NA,NA,NA,NA,-78.085571,25.313219
"821","gbif1737",-77.38237,23.709669,NA,NA,NA,NA,NA,NA,-77.38237,23.709669
"822","gbif1738",-87.313454,18.770166,NA,NA,NA,NA,NA,NA,-87.313454,18.770166
"823","gbif1739",-74.480003,24.17,NA,NA,NA,NA,NA,NA,-74.480003,24.17
"824","gbif174",-74.128611,11.329861,-74.1370501676457,11.3596875637681,-74.1370501676457,11.3596875637681,3.42549397535746,0,-74.1370501676457,11.3596875637681
"825","gbif1740",-82.9804,12.31568,NA,NA,NA,NA,NA,NA,-82.9804,12.31568
"826","gbif1741",-77.670677,24.343149,NA,NA,NA,NA,NA,NA,-77.670677,24.343149
"827","gbif1742",-79.409164,21.07115,NA,NA,NA,NA,NA,NA,-79.409164,21.07115
"828","gbif1743",-77.426369,23.79092,NA,NA,NA,NA,NA,NA,-77.426369,23.79092
"829","gbif1744",-71.110466,21.43845,NA,NA,NA,NA,NA,NA,-71.110466,21.43845
"830","gbif1745",-81.247231,21.833334,NA,NA,NA,NA,NA,NA,-81.247231,21.833334
"831","gbif1746",-77.68235,24.367029,NA,NA,NA,NA,NA,NA,-77.68235,24.367029
"832","gbif1747",-83.047997,12.19013,NA,NA,NA,NA,NA,NA,-83.047997,12.19013
"833","gbif1748",-78.902435,20.772367,NA,NA,NA,NA,NA,NA,-78.902435,20.772367
"834","gbif1749",-77.537033,24.097931,-77.5637787323847,24.0913518378895,-77.5143545100944,24.1089292330493,2.60773285796534,5.38905128935586,-77.5143545100944,24.1089292330493
"835","gbif175",-74.128361,11.325611,-74.137926965666,11.3594498584544,-74.137926965666,11.3594498584544,3.88604814449729,0,-74.137926965666,11.3594498584544
"836","gbif1750",-78.034332,25.223921,NA,NA,NA,NA,NA,NA,-78.034332,25.223921
"837","gbif1751",-66.723,11.881133,NA,NA,NA,NA,NA,NA,-66.723,11.881133
"838","gbif1752",-77.861,24.844999,NA,NA,NA,NA,NA,NA,-77.861,24.844999
"839","gbif1753",-79.971634,21.677134,NA,NA,NA,NA,NA,NA,-79.971634,21.677134
"840","gbif1754",-78.349724,22.540277,-78.360665080428,22.5083364208966,-78.3145026856825,22.5083364208966,5.0636035630231,4.74965479207132,-78.3145026856825,22.5083364208966
"841","gbif1755",-77.537033,24.097931,-77.5637787323847,24.0913518378895,-77.5143545100944,24.1089292330493,2.60773285796534,5.38905128935586,-77.5143545100944,24.1089292330493
"842","gbif1756",-78.002899,25.160101,NA,NA,NA,NA,NA,NA,-78.002899,25.160101
"843","gbif1757",-82.430786,21.544283,NA,NA,NA,NA,NA,NA,-82.430786,21.544283
"844","gbif1758",-78.311119,18.377451,NA,NA,NA,NA,NA,NA,-78.311119,18.377451
"845","gbif1759",-71.599998,21.299999,NA,NA,NA,NA,NA,NA,-71.599998,21.299999
"846","gbif176",-74.128361,11.325611,-74.137926965666,11.3594498584544,-74.137926965666,11.3594498584544,3.88604814449729,0,-74.137926965666,11.3594498584544
"847","gbif1760",-87.953697,17.355267,NA,NA,NA,NA,NA,NA,-87.953697,17.355267
"848","gbif1761",-77.38237,23.709669,NA,NA,NA,NA,NA,NA,-77.38237,23.709669
"849","gbif1762",-77.683723,24.5448,NA,NA,NA,NA,NA,NA,-77.683723,24.5448
"850","gbif1763",-81.430435,21.912434,NA,NA,NA,NA,NA,NA,-81.430435,21.912434
"851","gbif1764",-79.019485,20.846001,NA,NA,NA,NA,NA,NA,-79.019485,20.846001
"852","gbif1765",-77.983032,25.128851,NA,NA,NA,NA,NA,NA,-77.983032,25.128851
"853","gbif1766",-78.085571,25.313219,NA,NA,NA,NA,NA,NA,-78.085571,25.313219
"854","gbif1767",-78.002899,25.160101,NA,NA,NA,NA,NA,NA,-78.002899,25.160101
"855","gbif1768",-66.705765,11.766367,NA,NA,NA,NA,NA,NA,-66.705765,11.766367
"856","gbif1769",-79.558151,21.217699,NA,NA,NA,NA,NA,NA,-79.558151,21.217699
"857","gbif177",-74.128361,11.325611,-74.137926965666,11.3594498584544,-74.137926965666,11.3594498584544,3.88604814449729,0,-74.137926965666,11.3594498584544
"858","gbif1770",-77.693176,24.6259,NA,NA,NA,NA,NA,NA,-77.693176,24.6259
"859","gbif1771",-81.425797,21.902267,NA,NA,NA,NA,NA,NA,-81.425797,21.902267
"860","gbif1772",-81.146202,19.291267,NA,NA,NA,NA,NA,NA,-81.146202,19.291267
"861","gbif1773",-66.723,11.881133,NA,NA,NA,NA,NA,NA,-66.723,11.881133
"862","gbif1774",-87.594353,17.156784,-87.5831535067851,17.1730270470545,-87.64956473421,17.1730270470545,6.14299950612532,7.0653358927959,-87.64956473421,17.1730270470545
"863","gbif1775",-79.409164,21.07115,NA,NA,NA,NA,NA,NA,-79.409164,21.07115
"864","gbif1776",-71.110466,21.43845,NA,NA,NA,NA,NA,NA,-71.110466,21.43845
"865","gbif1777",-76.988503,26.397833,NA,NA,NA,NA,NA,NA,-76.988503,26.397833
"866","gbif1778",-77.698997,24.483999,NA,NA,NA,NA,NA,NA,-77.698997,24.483999
"867","gbif1779",-78.280998,20.6061,NA,NA,NA,NA,NA,NA,-78.280998,20.6061
"868","gbif178",-74.128361,11.325611,-74.137926965666,11.3594498584544,-74.137926965666,11.3594498584544,3.88604814449729,0,-74.137926965666,11.3594498584544
"869","gbif1780",-77.8563,24.84425,NA,NA,NA,NA,NA,NA,-77.8563,24.84425
"870","gbif1781",-77.8563,24.84425,NA,NA,NA,NA,NA,NA,-77.8563,24.84425
"871","gbif1782",-77.376999,23.696501,NA,NA,NA,NA,NA,NA,-77.376999,23.696501
"872","gbif1783",-71.113632,21.4589,NA,NA,NA,NA,NA,NA,-71.113632,21.4589
"873","gbif1784",-77.983032,25.128851,NA,NA,NA,NA,NA,NA,-77.983032,25.128851
"874","gbif1785",-82.03257,9.247033,NA,NA,NA,NA,NA,NA,-82.03257,9.247033
"875","gbif1786",-77.770172,24.72917,-77.7820188029016,24.7192993682217,-77.7810705686238,24.7758429047796,5.28615131931617,6.2640192548897,-77.7810705686238,24.7758429047796
"876","gbif1787",-78.085571,25.313219,NA,NA,NA,NA,NA,NA,-78.085571,25.313219
"877","gbif1788",-77.646202,24.29167,NA,NA,NA,NA,NA,NA,-77.646202,24.29167
"878","gbif1789",-82.324165,9.423317,NA,NA,NA,NA,NA,NA,-82.324165,9.423317
"879","gbif179",-74.128361,11.325611,-74.137926965666,11.3594498584544,-74.137926965666,11.3594498584544,3.88604814449729,0,-74.137926965666,11.3594498584544
"880","gbif1790",-77.646202,24.29167,NA,NA,NA,NA,NA,NA,-77.646202,24.29167
"881","gbif1791",-77.861,24.844999,NA,NA,NA,NA,NA,NA,-77.861,24.844999
"882","gbif1792",-77.629173,24.253151,NA,NA,NA,NA,NA,NA,-77.629173,24.253151
"883","gbif1793",-76.950386,26.532284,NA,NA,NA,NA,NA,NA,-76.950386,26.532284
"884","gbif1794",-77.647881,24.3013,NA,NA,NA,NA,NA,NA,-77.647881,24.3013
"885","gbif1795",-77.358131,18.463051,-77.3596514970282,18.4802240407351,-77.3596514970282,18.4802240407351,1.90757714924747,0,-77.3596514970282,18.4802240407351
"886","gbif1796",-78.034332,25.223921,NA,NA,NA,NA,NA,NA,-78.034332,25.223921
"887","gbif1797",-81.515869,22.021616,NA,NA,NA,NA,NA,NA,-81.515869,22.021616
"888","gbif1798",-81.430435,21.912434,NA,NA,NA,NA,NA,NA,-81.430435,21.912434
"889","gbif1799",-61.349133,12.633467,NA,NA,NA,NA,NA,NA,-61.349133,12.633467
"890","gbif18",-86.980229,20.942661,-86.892757918133,20.907743608744,-86.849416558622,20.907743608744,14.145878431907,4.50898367805427,-86.849416558622,20.907743608744
"891","gbif180",-76.207639,9.380111,NA,NA,NA,NA,NA,NA,-76.207639,9.380111
"892","gbif1800",-77.647881,24.3013,NA,NA,NA,NA,NA,NA,-77.647881,24.3013
"893","gbif1801",-77.646202,24.29167,NA,NA,NA,NA,NA,NA,-77.646202,24.29167
"894","gbif1802",-77.537033,24.097931,-77.5637787323847,24.0913518378895,-77.5143545100944,24.1089292330493,2.60773285796534,5.38905128935586,-77.5143545100944,24.1089292330493
"895","gbif1803",-77.419022,23.778219,NA,NA,NA,NA,NA,NA,-77.419022,23.778219
"896","gbif1804",-77.691002,24.630671,NA,NA,NA,NA,NA,NA,-77.691002,24.630671
"897","gbif1805",-78.280998,20.6061,NA,NA,NA,NA,NA,NA,-78.280998,20.6061
"898","gbif1806",-77.861,24.844999,NA,NA,NA,NA,NA,NA,-77.861,24.844999
"899","gbif1807",-77.376999,23.696501,NA,NA,NA,NA,NA,NA,-77.376999,23.696501
"900","gbif1808",-77.38237,23.709669,NA,NA,NA,NA,NA,NA,-77.38237,23.709669
"901","gbif1809",-87.426613,18.457966,NA,NA,NA,NA,NA,NA,-87.426613,18.457966
"902","gbif181",-76.207639,9.380111,NA,NA,NA,NA,NA,NA,-76.207639,9.380111
"903","gbif1810",-77.858597,24.842171,NA,NA,NA,NA,NA,NA,-77.858597,24.842171
"904","gbif1811",-87.410469,18.408817,NA,NA,NA,NA,NA,NA,-87.410469,18.408817
"905","gbif1812",-66.884186,11.800233,NA,NA,NA,NA,NA,NA,-66.884186,11.800233
"906","gbif1813",-81.430435,21.912434,NA,NA,NA,NA,NA,NA,-81.430435,21.912434
"907","gbif1814",-66.580452,11.778517,NA,NA,NA,NA,NA,NA,-66.580452,11.778517
"908","gbif1815",-81.519333,22.09885,NA,NA,NA,NA,NA,NA,-81.519333,22.09885
"909","gbif1816",-77.419022,23.778219,NA,NA,NA,NA,NA,NA,-77.419022,23.778219
"910","gbif1817",-66.723,11.881133,NA,NA,NA,NA,NA,NA,-66.723,11.881133
"911","gbif1818",-80.218903,25.208883,NA,NA,NA,NA,NA,NA,-80.218903,25.208883
"912","gbif1819",-77.683723,24.5448,NA,NA,NA,NA,NA,NA,-77.683723,24.5448
"913","gbif182",-74.128361,11.325611,-74.137926965666,11.3594498584544,-74.137926965666,11.3594498584544,3.88604814449729,0,-74.137926965666,11.3594498584544
"914","gbif1820",-81.957298,21.586367,NA,NA,NA,NA,NA,NA,-81.957298,21.586367
"915","gbif1821",-79.558151,21.217699,NA,NA,NA,NA,NA,NA,-79.558151,21.217699
"916","gbif1822",-87.305977,20.399799,NA,NA,NA,NA,NA,NA,-87.305977,20.399799
"917","gbif1823",-78.040833,22.424999,NA,NA,NA,NA,NA,NA,-78.040833,22.424999
"918","gbif1824",-77.860977,24.844931,NA,NA,NA,NA,NA,NA,-77.860977,24.844931
"919","gbif1825",-77.426369,23.79092,NA,NA,NA,NA,NA,NA,-77.426369,23.79092
"920","gbif1826",-77.647881,24.3013,NA,NA,NA,NA,NA,NA,-77.647881,24.3013
"921","gbif1827",-66.723,11.881133,NA,NA,NA,NA,NA,NA,-66.723,11.881133
"922","gbif1828",-77.698067,24.439501,NA,NA,NA,NA,NA,NA,-77.698067,24.439501
"923","gbif1829",-77.770172,24.72917,-77.7820188029016,24.7192993682217,-77.7810705686238,24.7758429047796,5.28615131931617,6.2640192548897,-77.7810705686238,24.7758429047796
"924","gbif183",-74.128361,11.325611,-74.137926965666,11.3594498584544,-74.137926965666,11.3594498584544,3.88604814449729,0,-74.137926965666,11.3594498584544
"925","gbif1830",-77.770172,24.72917,-77.7820188029016,24.7192993682217,-77.7810705686238,24.7758429047796,5.28615131931617,6.2640192548897,-77.7810705686238,24.7758429047796
"926","gbif1831",-61.349133,12.633467,NA,NA,NA,NA,NA,NA,-61.349133,12.633467
"927","gbif1832",-81.180984,21.784901,NA,NA,NA,NA,NA,NA,-81.180984,21.784901
"928","gbif1833",-82.430786,21.544283,NA,NA,NA,NA,NA,NA,-82.430786,21.544283
"929","gbif1834",-87.410469,18.408817,NA,NA,NA,NA,NA,NA,-87.410469,18.408817
"930","gbif1835",-81.180984,21.784901,NA,NA,NA,NA,NA,NA,-81.180984,21.784901
"931","gbif1836",-87.410469,18.408817,NA,NA,NA,NA,NA,NA,-87.410469,18.408817
"932","gbif1837",-78.349724,22.540277,-78.360665080428,22.5083364208966,-78.3145026856825,22.5083364208966,5.0636035630231,4.74965479207132,-78.3145026856825,22.5083364208966
"933","gbif1838",-81.957298,21.586367,NA,NA,NA,NA,NA,NA,-81.957298,21.586367
"934","gbif1839",-82.782753,21.451134,NA,NA,NA,NA,NA,NA,-82.782753,21.451134
"935","gbif184",-74.128361,11.325611,-74.137926965666,11.3594498584544,-74.137926965666,11.3594498584544,3.88604814449729,0,-74.137926965666,11.3594498584544
"936","gbif1840",-79.971634,21.677134,NA,NA,NA,NA,NA,NA,-79.971634,21.677134
"937","gbif1841",-81.957298,21.586367,NA,NA,NA,NA,NA,NA,-81.957298,21.586367
"938","gbif1842",-81.519333,22.09885,NA,NA,NA,NA,NA,NA,-81.519333,22.09885
"939","gbif1843",-77.65638,24.3069,NA,NA,NA,NA,NA,NA,-77.65638,24.3069
"940","gbif1844",-77.770172,24.72917,-77.7820188029016,24.7192993682217,-77.7810705686238,24.7758429047796,5.28615131931617,6.2640192548897,-77.7810705686238,24.7758429047796
"941","gbif1845",-81.430435,21.912434,NA,NA,NA,NA,NA,NA,-81.430435,21.912434
"942","gbif1846",-71.113632,21.4589,NA,NA,NA,NA,NA,NA,-71.113632,21.4589
"943","gbif1847",-77.465553,21.843334,-77.5131530864073,21.8414227491664,-77.4476754954621,21.8414227491664,1.86018058112082,6.76885112230064,-77.4476754954621,21.8414227491664
"944","gbif1848",-78.034332,25.223921,NA,NA,NA,NA,NA,NA,-78.034332,25.223921
"945","gbif1849",-81.425797,21.902267,NA,NA,NA,NA,NA,NA,-81.425797,21.902267
"946","gbif185",-74.128361,11.325611,-74.137926965666,11.3594498584544,-74.137926965666,11.3594498584544,3.88604814449729,0,-74.137926965666,11.3594498584544
"947","gbif1850",-77.698067,24.439501,NA,NA,NA,NA,NA,NA,-77.698067,24.439501
"948","gbif1851",-77.376999,23.696501,NA,NA,NA,NA,NA,NA,-77.376999,23.696501
"949","gbif1852",-81.479446,21.969482,NA,NA,NA,NA,NA,NA,-81.479446,21.969482
"950","gbif1853",-71.110466,21.43845,NA,NA,NA,NA,NA,NA,-71.110466,21.43845
"951","gbif1854",-77.465553,21.843334,-77.5131530864073,21.8414227491664,-77.4476754954621,21.8414227491664,1.86018058112082,6.76885112230064,-77.4476754954621,21.8414227491664
"952","gbif1855",-77.983032,25.128851,NA,NA,NA,NA,NA,NA,-77.983032,25.128851
"953","gbif1856",-88.038086,17.35215,NA,NA,NA,NA,NA,NA,-88.038086,17.35215
"954","gbif1857",-71.599998,21.299999,NA,NA,NA,NA,NA,NA,-71.599998,21.299999
"955","gbif1858",-65.248367,18.3311,NA,NA,NA,NA,NA,NA,-65.248367,18.3311
"956","gbif1859",-77.743431,24.69953,-77.7678185908596,24.6926048181617,-77.7143915539915,24.7091515376065,3.12580817886443,5.70867593259974,-77.7143915539915,24.7091515376065
"957","gbif186",-74.128361,11.325611,-74.137926965666,11.3594498584544,-74.137926965666,11.3594498584544,3.88604814449729,0,-74.137926965666,11.3594498584544
"958","gbif1860",-77.921669,18.50585,-77.9221113855145,18.5064962105404,-77.9811076125208,18.506854390515,6.27762152035762,6.23003623663994,-77.9811076125208,18.506854390515
"959","gbif1861",-77.65638,24.3069,NA,NA,NA,NA,NA,NA,-77.65638,24.3069
"960","gbif1862",-76.988503,26.397833,NA,NA,NA,NA,NA,NA,-76.988503,26.397833
"961","gbif1863",-82.702919,21.481417,NA,NA,NA,NA,NA,NA,-82.702919,21.481417
"962","gbif1864",-78.349724,22.540277,-78.360665080428,22.5083364208966,-78.3145026856825,22.5083364208966,5.0636035630231,4.74965479207132,-78.3145026856825,22.5083364208966
"963","gbif1865",-81.425797,21.902267,NA,NA,NA,NA,NA,NA,-81.425797,21.902267
"964","gbif1866",-65.314964,18.338083,-65.3120948323764,18.3112263801408,-65.3120948323764,18.373471656169,3.92868076660646,6.88955059508306,-65.3120948323764,18.373471656169
"965","gbif1867",-77.602501,22.024723,NA,NA,NA,NA,NA,NA,-77.602501,22.024723
"966","gbif1868",-79.430214,21.067783,NA,NA,NA,NA,NA,NA,-79.430214,21.067783
"967","gbif1869",-79.430214,21.067783,NA,NA,NA,NA,NA,NA,-79.430214,21.067783
"968","gbif187",-74.128361,11.325611,-74.137926965666,11.3594498584544,-74.137926965666,11.3594498584544,3.88604814449729,0,-74.137926965666,11.3594498584544
"969","gbif1870",-77.38237,23.709669,NA,NA,NA,NA,NA,NA,-77.38237,23.709669
"970","gbif1871",-87.410469,18.408817,NA,NA,NA,NA,NA,NA,-87.410469,18.408817
"971","gbif1872",-87.287849,18.566816,NA,NA,NA,NA,NA,NA,-87.287849,18.566816
"972","gbif1873",-78.002899,25.160101,NA,NA,NA,NA,NA,NA,-78.002899,25.160101
"973","gbif1874",-74.480003,24.17,NA,NA,NA,NA,NA,NA,-74.480003,24.17
"974","gbif1875",-79.409164,21.07115,NA,NA,NA,NA,NA,NA,-79.409164,21.07115
"975","gbif1876",-77.983032,25.128851,NA,NA,NA,NA,NA,NA,-77.983032,25.128851
"976","gbif1877",-65.572502,18.377733,NA,NA,NA,NA,NA,NA,-65.572502,18.377733
"977","gbif1878",-81.180984,21.784901,NA,NA,NA,NA,NA,NA,-81.180984,21.784901
"978","gbif1879",-77.426369,23.79092,NA,NA,NA,NA,NA,NA,-77.426369,23.79092
"979","gbif188",-76.207639,9.380111,NA,NA,NA,NA,NA,NA,-76.207639,9.380111
"980","gbif1880",-82.09893,21.51545,NA,NA,NA,NA,NA,NA,-82.09893,21.51545
"981","gbif1881",-65.248367,18.3311,NA,NA,NA,NA,NA,NA,-65.248367,18.3311
"982","gbif1882",-66.689034,11.882234,NA,NA,NA,NA,NA,NA,-66.689034,11.882234
"983","gbif1883",-87.980034,16.528667,NA,NA,NA,NA,NA,NA,-87.980034,16.528667
"984","gbif1884",-77.652779,22.176945,NA,NA,NA,NA,NA,NA,-77.652779,22.176945
"985","gbif1885",-77.983032,25.128851,NA,NA,NA,NA,NA,NA,-77.983032,25.128851
"986","gbif1886",-66.723,11.881133,NA,NA,NA,NA,NA,NA,-66.723,11.881133
"987","gbif1887",-79.207664,20.966749,NA,NA,NA,NA,NA,NA,-79.207664,20.966749
"988","gbif1888",-77.101433,18.414867,NA,NA,NA,NA,NA,NA,-77.101433,18.414867
"989","gbif1889",-79.928131,21.656967,NA,NA,NA,NA,NA,NA,-79.928131,21.656967
"990","gbif189",-76.207639,9.380111,NA,NA,NA,NA,NA,NA,-76.207639,9.380111
"991","gbif1890",-81.077934,19.343901,NA,NA,NA,NA,NA,NA,-81.077934,19.343901
"992","gbif1891",-82.03257,9.247033,NA,NA,NA,NA,NA,NA,-82.03257,9.247033
"993","gbif1892",-78.034332,25.223921,NA,NA,NA,NA,NA,NA,-78.034332,25.223921
"994","gbif1893",-81.515869,22.021616,NA,NA,NA,NA,NA,NA,-81.515869,22.021616
"995","gbif1894",-66.622665,11.954284,NA,NA,NA,NA,NA,NA,-66.622665,11.954284
"996","gbif1895",-88.080002,16.780001,NA,NA,NA,NA,NA,NA,-88.080002,16.780001
"997","gbif1896",-87.882385,16.740784,NA,NA,NA,NA,NA,NA,-87.882385,16.740784
"998","gbif1897",-77.770172,24.72917,-77.7820188029016,24.7192993682217,-77.7810705686238,24.7758429047796,5.28615131931617,6.2640192548897,-77.7810705686238,24.7758429047796
"999","gbif1898",-87.410469,18.408817,NA,NA,NA,NA,NA,NA,-87.410469,18.408817
"1000","gbif1899",-78.034332,25.223921,NA,NA,NA,NA,NA,NA,-78.034332,25.223921
"1001","gbif19",-75.196746,19.927769,NA,NA,NA,NA,NA,NA,-75.196746,19.927769
"1002","gbif190",-76.207639,9.380111,NA,NA,NA,NA,NA,NA,-76.207639,9.380111
"1003","gbif1900",-77.419022,23.778219,NA,NA,NA,NA,NA,NA,-77.419022,23.778219
"1004","gbif1901",-77.376999,23.696501,NA,NA,NA,NA,NA,NA,-77.376999,23.696501
"1005","gbif1902",-81.479446,21.969482,NA,NA,NA,NA,NA,NA,-81.479446,21.969482
"1006","gbif1903",-80.415115,24.98605,NA,NA,NA,NA,NA,NA,-80.415115,24.98605
"1007","gbif1904",-66.705765,11.766367,NA,NA,NA,NA,NA,NA,-66.705765,11.766367
"1008","gbif1905",-65.314964,18.338083,-65.3120948323764,18.3112263801408,-65.3120948323764,18.373471656169,3.92868076660646,6.88955059508306,-65.3120948323764,18.373471656169
"1009","gbif1906",-81.285583,21.8479,-81.3087079617919,21.8414227491664,-81.2483793295055,21.8414227491664,3.91220459364308,6.23656925870371,-81.2483793295055,21.8414227491664
"1010","gbif1907",-66.580452,11.778517,NA,NA,NA,NA,NA,NA,-66.580452,11.778517
"1011","gbif1908",-77.426369,23.79092,NA,NA,NA,NA,NA,NA,-77.426369,23.79092
"1012","gbif1909",-81.180984,21.784901,NA,NA,NA,NA,NA,NA,-81.180984,21.784901
"1013","gbif191",-76.207639,9.380111,NA,NA,NA,NA,NA,NA,-76.207639,9.380111
"1014","gbif1910",-77.698067,24.439501,NA,NA,NA,NA,NA,NA,-77.698067,24.439501
"1015","gbif1911",-78.034332,25.223921,NA,NA,NA,NA,NA,NA,-78.034332,25.223921
"1016","gbif1912",-77.693176,24.6259,NA,NA,NA,NA,NA,NA,-77.693176,24.6259
"1017","gbif1913",-77.691002,24.630671,NA,NA,NA,NA,NA,NA,-77.691002,24.630671
"1018","gbif1914",-79.430214,21.067783,NA,NA,NA,NA,NA,NA,-79.430214,21.067783
"1019","gbif1915",-81.077934,19.343901,NA,NA,NA,NA,NA,NA,-81.077934,19.343901
"1020","gbif1916",-77.647881,24.3013,NA,NA,NA,NA,NA,NA,-77.647881,24.3013
"1021","gbif1917",-74.480003,24.17,NA,NA,NA,NA,NA,NA,-74.480003,24.17
"1022","gbif1918",-77.807671,24.751329,-77.8110915000961,24.7483862432583,-77.7810705686238,24.7758429047796,3.82252174320534,4.2976284442484,-77.7810705686238,24.7758429047796
"1023","gbif1919",-81.479446,21.969482,NA,NA,NA,NA,NA,NA,-81.479446,21.969482
"1024","gbif192",-76.207639,9.380111,NA,NA,NA,NA,NA,NA,-76.207639,9.380111
"1025","gbif1920",-80.964996,23.293055,NA,NA,NA,NA,NA,NA,-80.964996,23.293055
"1026","gbif1921",-77.983032,25.128851,NA,NA,NA,NA,NA,NA,-77.983032,25.128851
"1027","gbif1922",-82.449249,21.543533,NA,NA,NA,NA,NA,NA,-82.449249,21.543533
"1028","gbif1923",-76.950386,26.532284,NA,NA,NA,NA,NA,NA,-76.950386,26.532284
"1029","gbif1924",-82.317146,21.562784,NA,NA,NA,NA,NA,NA,-82.317146,21.562784
"1030","gbif1925",-78.034332,25.223921,NA,NA,NA,NA,NA,NA,-78.034332,25.223921
"1031","gbif1926",-77.691002,24.630671,NA,NA,NA,NA,NA,NA,-77.691002,24.630671
"1032","gbif1927",-77.691002,24.630671,NA,NA,NA,NA,NA,NA,-77.691002,24.630671
"1033","gbif1928",-79.928131,21.656967,NA,NA,NA,NA,NA,NA,-79.928131,21.656967
"1034","gbif1929",-77.8563,24.84425,NA,NA,NA,NA,NA,NA,-77.8563,24.84425
"1035","gbif193",-76.207639,9.380111,NA,NA,NA,NA,NA,NA,-76.207639,9.380111
"1036","gbif1930",-81.285583,21.8479,-81.3087079617919,21.8414227491664,-81.2483793295055,21.8414227491664,3.91220459364308,6.23656925870371,-81.2483793295055,21.8414227491664
"1037","gbif1931",-79.019485,20.846001,NA,NA,NA,NA,NA,NA,-79.019485,20.846001
"1038","gbif1932",-66.723,11.881133,NA,NA,NA,NA,NA,NA,-66.723,11.881133
"1039","gbif1933",-81.635834,21.580917,NA,NA,NA,NA,NA,NA,-81.635834,21.580917
"1040","gbif1934",-81.417519,21.891001,NA,NA,NA,NA,NA,NA,-81.417519,21.891001
"1041","gbif1935",-81.519333,22.09885,NA,NA,NA,NA,NA,NA,-81.519333,22.09885
"1042","gbif1936",-77.693176,24.6259,NA,NA,NA,NA,NA,NA,-77.693176,24.6259
"1043","gbif1937",-79.467415,21.079517,NA,NA,NA,NA,NA,NA,-79.467415,21.079517
"1044","gbif1938",-81.077934,19.343901,NA,NA,NA,NA,NA,NA,-81.077934,19.343901
"1045","gbif1939",-77.670677,24.343149,NA,NA,NA,NA,NA,NA,-77.670677,24.343149
"1046","gbif194",-76.207639,9.380111,NA,NA,NA,NA,NA,NA,-76.207639,9.380111
"1047","gbif1940",-78.991066,20.833683,NA,NA,NA,NA,NA,NA,-78.991066,20.833683
"1048","gbif1941",-78.085571,25.313219,NA,NA,NA,NA,NA,NA,-78.085571,25.313219
"1049","gbif1942",-82.768982,21.455,NA,NA,NA,NA,NA,NA,-82.768982,21.455
"1050","gbif1943",-64.231499,18.666082,NA,NA,NA,NA,NA,NA,-64.231499,18.666082
"1051","gbif1944",-78.085571,25.313219,NA,NA,NA,NA,NA,NA,-78.085571,25.313219
"1052","gbif1945",-87.451668,19.966667,NA,NA,NA,NA,NA,NA,-87.451668,19.966667
"1053","gbif1946",-77.376999,23.696501,NA,NA,NA,NA,NA,NA,-77.376999,23.696501
"1054","gbif1947",-81.417519,21.891001,NA,NA,NA,NA,NA,NA,-81.417519,21.891001
"1055","gbif1948",-77.646202,24.29167,NA,NA,NA,NA,NA,NA,-77.646202,24.29167
"1056","gbif1949",-81.635834,21.580917,NA,NA,NA,NA,NA,NA,-81.635834,21.580917
"1057","gbif195",-76.207639,9.380111,NA,NA,NA,NA,NA,NA,-76.207639,9.380111
"1058","gbif1950",-77.602501,22.024723,NA,NA,NA,NA,NA,NA,-77.602501,22.024723
"1059","gbif1951",-77.8563,24.84425,NA,NA,NA,NA,NA,NA,-77.8563,24.84425
"1060","gbif1952",-81.180984,21.784901,NA,NA,NA,NA,NA,NA,-81.180984,21.784901
"1061","gbif1953",-81.247231,21.833334,NA,NA,NA,NA,NA,NA,-81.247231,21.833334
"1062","gbif1954",-80.588608,23.236666,NA,NA,NA,NA,NA,NA,-80.588608,23.236666
"1063","gbif1955",-74.540001,23.950001,-74.514568224885,23.9755464987032,-74.5804778662715,23.9755464987032,4.99776850253307,6.70769270674922,-74.5804778662715,23.9755464987032
"1064","gbif1956",-79.430214,21.067783,NA,NA,NA,NA,NA,NA,-79.430214,21.067783
"1065","gbif1957",-79.928131,21.656967,NA,NA,NA,NA,NA,NA,-79.928131,21.656967
"1066","gbif1958",-77.743431,24.69953,-77.7678185908596,24.6926048181617,-77.7143915539915,24.7091515376065,3.12580817886443,5.70867593259974,-77.7143915539915,24.7091515376065
"1067","gbif1959",-77.937828,25.063669,-77.9796848016266,25.0642250659524,-77.9144285978885,25.0426083734717,3.31929246221483,7.00663945943426,-77.9144285978885,25.0426083734717
"1068","gbif196",-76.207639,9.380111,NA,NA,NA,NA,NA,NA,-76.207639,9.380111
"1069","gbif1960",-81.714584,24.480017,NA,NA,NA,NA,NA,NA,-81.714584,24.480017
"1070","gbif1961",-82.119965,9.26785,-82.1043715701966,9.27078571482599,-82.0485275050935,9.30344572063728,8.78087784501504,7.11993219693636,-82.0485275050935,9.30344572063728
"1071","gbif1962",-81.681801,21.576967,NA,NA,NA,NA,NA,NA,-81.681801,21.576967
"1072","gbif1963",-87.980034,16.528667,NA,NA,NA,NA,NA,NA,-87.980034,16.528667
"1073","gbif1964",-81.197563,21.804667,NA,NA,NA,NA,NA,NA,-81.197563,21.804667
"1074","gbif1965",-77.743431,24.69953,-77.7678185908596,24.6926048181617,-77.7143915539915,24.7091515376065,3.12580817886443,5.70867593259974,-77.7143915539915,24.7091515376065
"1075","gbif1966",-82.324165,9.423317,NA,NA,NA,NA,NA,NA,-82.324165,9.423317
"1076","gbif1967",-80.348152,25.034967,NA,NA,NA,NA,NA,NA,-80.348152,25.034967
"1077","gbif1968",-77.646202,24.29167,NA,NA,NA,NA,NA,NA,-77.646202,24.29167
"1078","gbif1969",-76.959,26.577499,NA,NA,NA,NA,NA,NA,-76.959,26.577499
"1079","gbif197",-76.207639,9.380111,NA,NA,NA,NA,NA,NA,-76.207639,9.380111
"1080","gbif1970",-77.629173,24.253151,NA,NA,NA,NA,NA,NA,-77.629173,24.253151
"1081","gbif1971",-77.770172,24.72917,-77.7820188029016,24.7192993682217,-77.7810705686238,24.7758429047796,5.28615131931617,6.2640192548897,-77.7810705686238,24.7758429047796
"1082","gbif1972",-77.858597,24.842171,NA,NA,NA,NA,NA,NA,-77.858597,24.842171
"1083","gbif1973",-74.480003,24.17,NA,NA,NA,NA,NA,NA,-74.480003,24.17
"1084","gbif1974",-81.479446,21.969482,NA,NA,NA,NA,NA,NA,-81.479446,21.969482
"1085","gbif1975",-81.876953,24.452066,NA,NA,NA,NA,NA,NA,-81.876953,24.452066
"1086","gbif1976",-80.0728,19.656866,NA,NA,NA,NA,NA,NA,-80.0728,19.656866
"1087","gbif1977",-82.338165,21.551767,NA,NA,NA,NA,NA,NA,-82.338165,21.551767
"1088","gbif1978",-77.85733,24.843834,NA,NA,NA,NA,NA,NA,-77.85733,24.843834
"1089","gbif1979",-79.467415,21.079517,NA,NA,NA,NA,NA,NA,-79.467415,21.079517
"1090","gbif198",-77.358722,8.662139,-77.3514981860722,8.66964877645336,-77.3809964808298,8.70322341608004,5.16292065713484,4.93223780172266,-77.3809964808298,8.70322341608004
"1091","gbif1980",-81.430435,21.912434,NA,NA,NA,NA,NA,NA,-81.430435,21.912434
"1092","gbif1981",-66.723,11.881133,NA,NA,NA,NA,NA,NA,-66.723,11.881133
"1093","gbif1982",-81.180984,21.784901,NA,NA,NA,NA,NA,NA,-81.180984,21.784901
"1094","gbif1983",-71.113632,21.4589,NA,NA,NA,NA,NA,NA,-71.113632,21.4589
"1095","gbif1984",-87.953697,17.355267,NA,NA,NA,NA,NA,NA,-87.953697,17.355267
"1096","gbif1985",-81.197563,21.804667,NA,NA,NA,NA,NA,NA,-81.197563,21.804667
"1097","gbif1986",-77.698067,24.439501,NA,NA,NA,NA,NA,NA,-77.698067,24.439501
"1098","gbif1987",-77.38237,23.709669,NA,NA,NA,NA,NA,NA,-77.38237,23.709669
"1099","gbif1988",-77.860977,24.844931,NA,NA,NA,NA,NA,NA,-77.860977,24.844931
"1100","gbif1989",-77.647881,24.3013,NA,NA,NA,NA,NA,NA,-77.647881,24.3013
"1101","gbif199",-81.69695,12.548917,NA,NA,NA,NA,NA,NA,-81.69695,12.548917
"1102","gbif1990",-78.902496,22.693611,NA,NA,NA,NA,NA,NA,-78.902496,22.693611
"1103","gbif1991",-82.430786,21.544283,NA,NA,NA,NA,NA,NA,-82.430786,21.544283
"1104","gbif1992",-77.38237,23.709669,NA,NA,NA,NA,NA,NA,-77.38237,23.709669
"1105","gbif1993",-77.629173,24.253151,NA,NA,NA,NA,NA,NA,-77.629173,24.253151
"1106","gbif1994",-87.316513,18.510616,NA,NA,NA,NA,NA,NA,-87.316513,18.510616
"1107","gbif1995",-66.723,11.881133,NA,NA,NA,NA,NA,NA,-66.723,11.881133
"1108","gbif1996",-77.032013,18.424801,NA,NA,NA,NA,NA,NA,-77.032013,18.424801
"1109","gbif1997",-77.983032,25.128851,NA,NA,NA,NA,NA,NA,-77.983032,25.128851
"1110","gbif1998",-77.38237,23.709669,NA,NA,NA,NA,NA,NA,-77.38237,23.709669
"1111","gbif1999",-77.376999,23.696501,NA,NA,NA,NA,NA,NA,-77.376999,23.696501
"1112","gbif2",-86.665081,21.23962,NA,NA,NA,NA,NA,NA,-86.665081,21.23962
"1113","gbif20",-81.486283,24.464676,NA,NA,NA,NA,NA,NA,-81.486283,24.464676
"1114","gbif200",-74.128361,11.325611,-74.137926965666,11.3594498584544,-74.137926965666,11.3594498584544,3.88604814449729,0,-74.137926965666,11.3594498584544
"1115","gbif2000",-77.693176,24.6259,NA,NA,NA,NA,NA,NA,-77.693176,24.6259
"1116","gbif2001",-77.807671,24.751329,-77.8110915000961,24.7483862432583,-77.7810705686238,24.7758429047796,3.82252174320534,4.2976284442484,-77.7810705686238,24.7758429047796
"1117","gbif2002",-83.047997,12.19013,NA,NA,NA,NA,NA,NA,-83.047997,12.19013
"1118","gbif2003",-77.861,24.844999,NA,NA,NA,NA,NA,NA,-77.861,24.844999
"1119","gbif2004",-78.881264,9.56205,NA,NA,NA,NA,NA,NA,-78.881264,9.56205
"1120","gbif2005",-87.320534,18.519634,NA,NA,NA,NA,NA,NA,-87.320534,18.519634
"1121","gbif2006",-81.957298,21.586367,NA,NA,NA,NA,NA,NA,-81.957298,21.586367
"1122","gbif2007",-63.007999,18.010666,-63.0143513758949,18.0297492931934,-62.9783293202445,18.0400148203038,4.51905808626553,3.97979266733556,-62.9783293202445,18.0400148203038
"1123","gbif2008",-77.602501,22.024723,NA,NA,NA,NA,NA,NA,-77.602501,22.024723
"1124","gbif2009",-78.002899,25.160101,NA,NA,NA,NA,NA,NA,-78.002899,25.160101
"1125","gbif201",-74.128361,11.325611,-74.137926965666,11.3594498584544,-74.137926965666,11.3594498584544,3.88604814449729,0,-74.137926965666,11.3594498584544
"1126","gbif2010",-78.034332,25.223921,NA,NA,NA,NA,NA,NA,-78.034332,25.223921
"1127","gbif2011",-81.681801,21.576967,NA,NA,NA,NA,NA,NA,-81.681801,21.576967
"1128","gbif2012",-66.592453,11.910633,NA,NA,NA,NA,NA,NA,-66.592453,11.910633
"1129","gbif2013",-81.417519,21.891001,NA,NA,NA,NA,NA,NA,-81.417519,21.891001
"1130","gbif2014",-81.077934,19.343901,NA,NA,NA,NA,NA,NA,-81.077934,19.343901
"1131","gbif2015",-82.9804,12.31568,NA,NA,NA,NA,NA,NA,-82.9804,12.31568
"1132","gbif2016",-81.197563,21.804667,NA,NA,NA,NA,NA,NA,-81.197563,21.804667
"1133","gbif2017",-77.38237,23.709669,NA,NA,NA,NA,NA,NA,-77.38237,23.709669
"1134","gbif2018",-71.110466,21.43845,NA,NA,NA,NA,NA,NA,-71.110466,21.43845
"1135","gbif2019",-77.983032,25.128851,NA,NA,NA,NA,NA,NA,-77.983032,25.128851
"1136","gbif202",-74.128361,11.325611,-74.137926965666,11.3594498584544,-74.137926965666,11.3594498584544,3.88604814449729,0,-74.137926965666,11.3594498584544
"1137","gbif2020",-74.480003,24.17,NA,NA,NA,NA,NA,NA,-74.480003,24.17
"1138","gbif2021",-65.228485,18.299067,NA,NA,NA,NA,NA,NA,-65.228485,18.299067
"1139","gbif2022",-82.03257,9.247033,NA,NA,NA,NA,NA,NA,-82.03257,9.247033
"1140","gbif2023",-81.146202,19.291267,NA,NA,NA,NA,NA,NA,-81.146202,19.291267
"1141","gbif2024",-87.30658,20.396481,NA,NA,NA,NA,NA,NA,-87.30658,20.396481
"1142","gbif2025",-78.034332,25.223921,NA,NA,NA,NA,NA,NA,-78.034332,25.223921
"1143","gbif2026",-71.110466,21.43845,NA,NA,NA,NA,NA,NA,-71.110466,21.43845
"1144","gbif2027",-88.038086,17.35215,NA,NA,NA,NA,NA,NA,-88.038086,17.35215
"1145","gbif2028",-79.88282,19.680733,NA,NA,NA,NA,NA,NA,-79.88282,19.680733
"1146","gbif2029",-78.991066,20.833683,NA,NA,NA,NA,NA,NA,-78.991066,20.833683
"1147","gbif203",-74.128361,11.325611,-74.137926965666,11.3594498584544,-74.137926965666,11.3594498584544,3.88604814449729,0,-74.137926965666,11.3594498584544
"1148","gbif2030",-61.349133,12.633467,NA,NA,NA,NA,NA,NA,-61.349133,12.633467
"1149","gbif2031",-76.287369,18.073833,-76.288387782843,18.0734837289975,-76.24745323208,18.1067061874768,5.57580626439327,5.68289900217628,-76.24745323208,18.1067061874768
"1150","gbif2032",-76.988503,26.397833,NA,NA,NA,NA,NA,NA,-76.988503,26.397833
"1151","gbif2033",-78.036499,9.5165,NA,NA,NA,NA,NA,NA,-78.036499,9.5165
"1152","gbif2034",-87.833328,18.233334,NA,NA,NA,NA,NA,NA,-87.833328,18.233334
"1153","gbif2035",-81.430435,21.912434,NA,NA,NA,NA,NA,NA,-81.430435,21.912434
"1154","gbif2036",-87.316513,18.510616,NA,NA,NA,NA,NA,NA,-87.316513,18.510616
"1155","gbif2037",-77.537033,24.097931,-77.5637787323847,24.0913518378895,-77.5143545100944,24.1089292330493,2.60773285796534,5.38905128935586,-77.5143545100944,24.1089292330493
"1156","gbif2038",-87.29837,18.557983,NA,NA,NA,NA,NA,NA,-87.29837,18.557983
"1157","gbif2039",-79.430214,21.067783,NA,NA,NA,NA,NA,NA,-79.430214,21.067783
"1158","gbif204",-74.128361,11.325611,-74.137926965666,11.3594498584544,-74.137926965666,11.3594498584544,3.88604814449729,0,-74.137926965666,11.3594498584544
"1159","gbif2040",-77.38237,23.709669,NA,NA,NA,NA,NA,NA,-77.38237,23.709669
"1160","gbif2041",-77.691002,24.630671,NA,NA,NA,NA,NA,NA,-77.691002,24.630671
"1161","gbif2042",-77.647881,24.3013,NA,NA,NA,NA,NA,NA,-77.647881,24.3013
"1162","gbif2043",-79.019485,20.846001,NA,NA,NA,NA,NA,NA,-79.019485,20.846001
"1163","gbif2044",-65.314964,18.338083,-65.3120948323764,18.3112263801408,-65.3120948323764,18.373471656169,3.92868076660646,6.88955059508306,-65.3120948323764,18.373471656169
"1164","gbif2045",-77.376999,23.696501,NA,NA,NA,NA,NA,NA,-77.376999,23.696501
"1165","gbif2046",-78.693054,22.626667,NA,NA,NA,NA,NA,NA,-78.693054,22.626667
"1166","gbif2047",-77.770172,24.72917,-77.7820188029016,24.7192993682217,-77.7810705686238,24.7758429047796,5.28615131931617,6.2640192548897,-77.7810705686238,24.7758429047796
"1167","gbif2048",-74.540001,23.950001,-74.514568224885,23.9755464987032,-74.5804778662715,23.9755464987032,4.99776850253307,6.70769270674922,-74.5804778662715,23.9755464987032
"1168","gbif2049",-66.895233,11.792334,NA,NA,NA,NA,NA,NA,-66.895233,11.792334
"1169","gbif205",-77.358722,8.662139,-77.3514981860722,8.66964877645336,-77.3809964808298,8.70322341608004,5.16292065713484,4.93223780172266,-77.3809964808298,8.70322341608004
"1170","gbif2050",-79.019485,20.846001,NA,NA,NA,NA,NA,NA,-79.019485,20.846001
"1171","gbif2051",-78.311119,18.377451,NA,NA,NA,NA,NA,NA,-78.311119,18.377451
"1172","gbif2052",-77.691002,24.630671,NA,NA,NA,NA,NA,NA,-77.691002,24.630671
"1173","gbif2053",-78.991066,20.833683,NA,NA,NA,NA,NA,NA,-78.991066,20.833683
"1174","gbif2054",-77.629173,24.253151,NA,NA,NA,NA,NA,NA,-77.629173,24.253151
"1175","gbif2055",-81.515869,22.021616,NA,NA,NA,NA,NA,NA,-81.515869,22.021616
"1176","gbif2056",-78.693054,22.626667,NA,NA,NA,NA,NA,NA,-78.693054,22.626667
"1177","gbif2057",-81.425797,21.902267,NA,NA,NA,NA,NA,NA,-81.425797,21.902267
"1178","gbif2058",-77.693176,24.6259,NA,NA,NA,NA,NA,NA,-77.693176,24.6259
"1179","gbif2059",-81.417519,21.891001,NA,NA,NA,NA,NA,NA,-81.417519,21.891001
"1180","gbif206",-74.128361,11.325611,-74.137926965666,11.3594498584544,-74.137926965666,11.3594498584544,3.88604814449729,0,-74.137926965666,11.3594498584544
"1181","gbif2060",-80.301498,25.11875,NA,NA,NA,NA,NA,NA,-80.301498,25.11875
"1182","gbif2061",-77.38237,23.709669,NA,NA,NA,NA,NA,NA,-77.38237,23.709669
"1183","gbif2062",-82.065933,9.272767,-82.103263513904,9.26535743003132,-82.0485275050935,9.23675435346425,4.41842005211074,6.79569046701186,-82.0485275050935,9.23675435346425
"1184","gbif2063",-79.091263,20.899683,NA,NA,NA,NA,NA,NA,-79.091263,20.899683
"1185","gbif2064",-81.076599,19.333366,NA,NA,NA,NA,NA,NA,-81.076599,19.333366
"1186","gbif2065",-77.698997,24.483999,NA,NA,NA,NA,NA,NA,-77.698997,24.483999
"1187","gbif2066",-78.085571,25.313219,NA,NA,NA,NA,NA,NA,-78.085571,25.313219
"1188","gbif2067",-77.770172,24.72917,-77.7820188029016,24.7192993682217,-77.7810705686238,24.7758429047796,5.28615131931617,6.2640192548897,-77.7810705686238,24.7758429047796
"1189","gbif2068",-81.513168,22.158766,NA,NA,NA,NA,NA,NA,-81.513168,22.158766
"1190","gbif2069",-77.983032,25.128851,NA,NA,NA,NA,NA,NA,-77.983032,25.128851
"1191","gbif207",-74.128361,11.325611,-74.137926965666,11.3594498584544,-74.137926965666,11.3594498584544,3.88604814449729,0,-74.137926965666,11.3594498584544
"1192","gbif2070",-96.068336,19.197222,NA,NA,NA,NA,NA,NA,-96.068336,19.197222
"1193","gbif2071",-77.807671,24.751329,-77.8110915000961,24.7483862432583,-77.7810705686238,24.7758429047796,3.82252174320534,4.2976284442484,-77.7810705686238,24.7758429047796
"1194","gbif2072",-77.683723,24.5448,NA,NA,NA,NA,NA,NA,-77.683723,24.5448
"1195","gbif2073",-81.957298,21.586367,NA,NA,NA,NA,NA,NA,-81.957298,21.586367
"1196","gbif2074",-81.425797,21.902267,NA,NA,NA,NA,NA,NA,-81.425797,21.902267
"1197","gbif2075",-78.085571,25.313219,NA,NA,NA,NA,NA,NA,-78.085571,25.313219
"1198","gbif2076",-87.410469,18.408817,NA,NA,NA,NA,NA,NA,-87.410469,18.408817
"1199","gbif2077",-81.519333,22.09885,NA,NA,NA,NA,NA,NA,-81.519333,22.09885
"1200","gbif2078",-77.629173,24.253151,NA,NA,NA,NA,NA,NA,-77.629173,24.253151
"1201","gbif2079",-77.426369,23.79092,NA,NA,NA,NA,NA,NA,-77.426369,23.79092
"1202","gbif208",-74.128361,11.325611,-74.137926965666,11.3594498584544,-74.137926965666,11.3594498584544,3.88604814449729,0,-74.137926965666,11.3594498584544
"1203","gbif2080",-77.68235,24.367029,NA,NA,NA,NA,NA,NA,-77.68235,24.367029
"1204","gbif2081",-81.430435,21.912434,NA,NA,NA,NA,NA,NA,-81.430435,21.912434
"1205","gbif2082",-77.861,24.844999,NA,NA,NA,NA,NA,NA,-77.861,24.844999
"1206","gbif2083",-79.467415,21.079517,NA,NA,NA,NA,NA,NA,-79.467415,21.079517
"1207","gbif2084",-77.983032,25.128851,NA,NA,NA,NA,NA,NA,-77.983032,25.128851
"1208","gbif2085",-81.197563,21.804667,NA,NA,NA,NA,NA,NA,-81.197563,21.804667
"1209","gbif2086",-82.9804,12.31568,NA,NA,NA,NA,NA,NA,-82.9804,12.31568
"1210","gbif2087",-77.8563,24.84425,NA,NA,NA,NA,NA,NA,-77.8563,24.84425
"1211","gbif2088",-81.285583,21.8479,-81.3087079617919,21.8414227491664,-81.2483793295055,21.8414227491664,3.91220459364308,6.23656925870371,-81.2483793295055,21.8414227491664
"1212","gbif2089",-78.034332,25.223921,NA,NA,NA,NA,NA,NA,-78.034332,25.223921
"1213","gbif209",-74.128361,11.325611,-74.137926965666,11.3594498584544,-74.137926965666,11.3594498584544,3.88604814449729,0,-74.137926965666,11.3594498584544
"1214","gbif2090",-77.652779,22.176945,NA,NA,NA,NA,NA,NA,-77.652779,22.176945
"1215","gbif2091",-87.299103,20.40765,-87.3143386782219,20.4114746515275,-87.3161696610483,20.3742126713598,4.10818179379925,4.12966084854752,-87.3161696610483,20.3742126713598
"1216","gbif2092",-78.680397,20.644234,NA,NA,NA,NA,NA,NA,-78.680397,20.644234
"1217","gbif2093",-96.068336,19.197222,NA,NA,NA,NA,NA,NA,-96.068336,19.197222
"1218","gbif2094",-77.68235,24.367029,NA,NA,NA,NA,NA,NA,-77.68235,24.367029
"1219","gbif2095",-78.002899,25.160101,NA,NA,NA,NA,NA,NA,-78.002899,25.160101
"1220","gbif2096",-77.698067,24.439501,NA,NA,NA,NA,NA,NA,-77.698067,24.439501
"1221","gbif2097",-78.034332,25.223921,NA,NA,NA,NA,NA,NA,-78.034332,25.223921
"1222","gbif2098",-77.670677,24.343149,NA,NA,NA,NA,NA,NA,-77.670677,24.343149
"1223","gbif2099",-87.756111,18.498611,-87.7829227634747,18.5025517216651,-87.7829227634747,18.440163023342,7.06198989934779,6.9055193864177,-87.7829227634747,18.440163023342
"1224","gbif21",-61.190084,13.911593,NA,NA,NA,NA,NA,NA,-61.190084,13.911593
"1225","gbif210",-77.358722,8.662139,-77.3514981860722,8.66964877645336,-77.3809964808298,8.70322341608004,5.16292065713484,4.93223780172266,-77.3809964808298,8.70322341608004
"1226","gbif2100",-77.698067,24.439501,NA,NA,NA,NA,NA,NA,-77.698067,24.439501
"1227","gbif2101",-81.635834,21.580917,NA,NA,NA,NA,NA,NA,-81.635834,21.580917
"1228","gbif2102",-66.622665,11.954284,NA,NA,NA,NA,NA,NA,-66.622665,11.954284
"1229","gbif2103",-77.770172,24.72917,-77.7820188029016,24.7192993682217,-77.7810705686238,24.7758429047796,5.28615131931617,6.2640192548897,-77.7810705686238,24.7758429047796
"1230","gbif2104",-77.419022,23.778219,NA,NA,NA,NA,NA,NA,-77.419022,23.778219
"1231","gbif2105",-88.080002,16.780001,NA,NA,NA,NA,NA,NA,-88.080002,16.780001
"1232","gbif2106",-77.68235,24.367029,NA,NA,NA,NA,NA,NA,-77.68235,24.367029
"1233","gbif2107",-65.314964,18.338083,-65.3120948323764,18.3112263801408,-65.3120948323764,18.373471656169,3.92868076660646,6.88955059508306,-65.3120948323764,18.373471656169
"1234","gbif2108",-66.580452,11.778517,NA,NA,NA,NA,NA,NA,-66.580452,11.778517
"1235","gbif2109",-66.723,11.881133,NA,NA,NA,NA,NA,NA,-66.723,11.881133
"1236","gbif211",-81.414394,13.365517,-81.38412484267,13.3716191181919,-81.4484163734025,13.3716191181919,3.7467072019248,6.96412942407888,-81.4484163734025,13.3716191181919
"1237","gbif2110",-66.622665,11.954284,NA,NA,NA,NA,NA,NA,-66.622665,11.954284
"1238","gbif2111",-77.647881,24.3013,NA,NA,NA,NA,NA,NA,-77.647881,24.3013
"1239","gbif2112",-78.870499,9.574984,NA,NA,NA,NA,NA,NA,-78.870499,9.574984
"1240","gbif2113",-77.8563,24.84425,NA,NA,NA,NA,NA,NA,-77.8563,24.84425
"1241","gbif2114",-77.646202,24.29167,NA,NA,NA,NA,NA,NA,-77.646202,24.29167
"1242","gbif2115",-87.426613,18.457966,NA,NA,NA,NA,NA,NA,-87.426613,18.457966
"1243","gbif2116",-66.622665,11.954284,NA,NA,NA,NA,NA,NA,-66.622665,11.954284
"1244","gbif2117",-87.951881,17.342899,NA,NA,NA,NA,NA,NA,-87.951881,17.342899
"1245","gbif2118",-77.68235,24.367029,NA,NA,NA,NA,NA,NA,-77.68235,24.367029
"1246","gbif2119",-77.426369,23.79092,NA,NA,NA,NA,NA,NA,-77.426369,23.79092
"1247","gbif212",-74.128611,11.329861,-74.1370501676457,11.3596875637681,-74.1370501676457,11.3596875637681,3.42549397535746,0,-74.1370501676457,11.3596875637681
"1248","gbif2120",-81.105301,19.292749,NA,NA,NA,NA,NA,NA,-81.105301,19.292749
"1249","gbif2121",-77.937828,25.063669,-77.9796848016266,25.0642250659524,-77.9144285978885,25.0426083734717,3.31929246221483,7.00663945943426,-77.9144285978885,25.0426083734717
"1250","gbif2122",-78.034332,25.223921,NA,NA,NA,NA,NA,NA,-78.034332,25.223921
"1251","gbif2123",-77.321266,18.470133,-77.3224932488242,18.4832873289805,-77.3224932488242,18.4832873289805,1.46175123395676,0,-77.3224932488242,18.4832873289805
"1252","gbif2124",-77.38237,23.709669,NA,NA,NA,NA,NA,NA,-77.38237,23.709669
"1253","gbif2125",-77.670677,24.343149,NA,NA,NA,NA,NA,NA,-77.670677,24.343149
"1254","gbif2126",-77.101433,18.414867,NA,NA,NA,NA,NA,NA,-77.101433,18.414867
"1255","gbif2127",-81.425797,21.902267,NA,NA,NA,NA,NA,NA,-81.425797,21.902267
"1256","gbif2128",-81.247231,21.833334,NA,NA,NA,NA,NA,NA,-81.247231,21.833334
"1257","gbif2129",-81.681801,21.576967,NA,NA,NA,NA,NA,NA,-81.681801,21.576967
"1258","gbif213",-74.128611,11.329861,-74.1370501676457,11.3596875637681,-74.1370501676457,11.3596875637681,3.42549397535746,0,-74.1370501676457,11.3596875637681
"1259","gbif2130",-79.103485,20.901316,NA,NA,NA,NA,NA,NA,-79.103485,20.901316
"1260","gbif2131",-81.247231,21.833334,NA,NA,NA,NA,NA,NA,-81.247231,21.833334
"1261","gbif2132",-77.670677,24.343149,NA,NA,NA,NA,NA,NA,-77.670677,24.343149
"1262","gbif2133",-87.526497,17.221001,NA,NA,NA,NA,NA,NA,-87.526497,17.221001
"1263","gbif2134",-81.957298,21.586367,NA,NA,NA,NA,NA,NA,-81.957298,21.586367
"1264","gbif2135",-79.558151,21.217699,NA,NA,NA,NA,NA,NA,-79.558151,21.217699
"1265","gbif2136",-77.38237,23.709669,NA,NA,NA,NA,NA,NA,-77.38237,23.709669
"1266","gbif2137",-79.207664,20.966749,NA,NA,NA,NA,NA,NA,-79.207664,20.966749
"1267","gbif2138",-77.770172,24.72917,-77.7820188029016,24.7192993682217,-77.7810705686238,24.7758429047796,5.28615131931617,6.2640192548897,-77.7810705686238,24.7758429047796
"1268","gbif2139",-79.103485,20.901316,NA,NA,NA,NA,NA,NA,-79.103485,20.901316
"1269","gbif214",-74.128611,11.329861,-74.1370501676457,11.3596875637681,-74.1370501676457,11.3596875637681,3.42549397535746,0,-74.1370501676457,11.3596875637681
"1270","gbif2140",-78.034332,25.223921,NA,NA,NA,NA,NA,NA,-78.034332,25.223921
"1271","gbif2141",-77.652779,22.176945,NA,NA,NA,NA,NA,NA,-77.652779,22.176945
"1272","gbif2142",-77.602501,22.024723,NA,NA,NA,NA,NA,NA,-77.602501,22.024723
"1273","gbif2143",-81.425797,21.902267,NA,NA,NA,NA,NA,NA,-81.425797,21.902267
"1274","gbif2144",-87.699867,16.914351,NA,NA,NA,NA,NA,NA,-87.699867,16.914351
"1275","gbif2145",-87.313454,18.770166,NA,NA,NA,NA,NA,NA,-87.313454,18.770166
"1276","gbif2146",-66.592453,11.910633,NA,NA,NA,NA,NA,NA,-66.592453,11.910633
"1277","gbif2147",-65.314964,18.338083,-65.3120948323764,18.3112263801408,-65.3120948323764,18.373471656169,3.92868076660646,6.88955059508306,-65.3120948323764,18.373471656169
"1278","gbif2148",-82.9804,12.31568,NA,NA,NA,NA,NA,NA,-82.9804,12.31568
"1279","gbif2149",-79.558151,21.217699,NA,NA,NA,NA,NA,NA,-79.558151,21.217699
"1280","gbif215",-74.128611,11.329861,-74.1370501676457,11.3596875637681,-74.1370501676457,11.3596875637681,3.42549397535746,0,-74.1370501676457,11.3596875637681
"1281","gbif2150",-78.847954,20.811966,NA,NA,NA,NA,NA,NA,-78.847954,20.811966
"1282","gbif2151",-80.126663,23.1,NA,NA,NA,NA,NA,NA,-80.126663,23.1
"1283","gbif2152",-77.376999,23.696501,NA,NA,NA,NA,NA,NA,-77.376999,23.696501
"1284","gbif2153",-77.426369,23.79092,NA,NA,NA,NA,NA,NA,-77.426369,23.79092
"1285","gbif2154",-66.592453,11.910633,NA,NA,NA,NA,NA,NA,-66.592453,11.910633
"1286","gbif2155",-87.935013,17.385883,NA,NA,NA,NA,NA,NA,-87.935013,17.385883
"1287","gbif2156",-82.09893,21.51545,NA,NA,NA,NA,NA,NA,-82.09893,21.51545
"1288","gbif2157",-81.180984,21.784901,NA,NA,NA,NA,NA,NA,-81.180984,21.784901
"1289","gbif2158",-66.592453,11.910633,NA,NA,NA,NA,NA,NA,-66.592453,11.910633
"1290","gbif2159",-82.03257,9.247033,NA,NA,NA,NA,NA,NA,-82.03257,9.247033
"1291","gbif216",-74.128361,11.325611,-74.137926965666,11.3594498584544,-74.137926965666,11.3594498584544,3.88604814449729,0,-74.137926965666,11.3594498584544
"1292","gbif2160",-81.876953,24.452066,NA,NA,NA,NA,NA,NA,-81.876953,24.452066
"1293","gbif2161",-66.705765,11.766367,NA,NA,NA,NA,NA,NA,-66.705765,11.766367
"1294","gbif2162",-77.652779,22.176945,NA,NA,NA,NA,NA,NA,-77.652779,22.176945
"1295","gbif2163",-77.419022,23.778219,NA,NA,NA,NA,NA,NA,-77.419022,23.778219
"1296","gbif2164",-78.991066,20.833683,NA,NA,NA,NA,NA,NA,-78.991066,20.833683
"1297","gbif2165",-78.902435,20.772367,NA,NA,NA,NA,NA,NA,-78.902435,20.772367
"1298","gbif2166",-78.034332,25.223921,NA,NA,NA,NA,NA,NA,-78.034332,25.223921
"1299","gbif2167",-80.126663,23.1,NA,NA,NA,NA,NA,NA,-80.126663,23.1
"1300","gbif2168",-74.540001,23.950001,-74.514568224885,23.9755464987032,-74.5804778662715,23.9755464987032,4.99776850253307,6.70769270674922,-74.5804778662715,23.9755464987032
"1301","gbif2169",-81.46685,21.960484,NA,NA,NA,NA,NA,NA,-81.46685,21.960484
"1302","gbif217",-74.128361,11.325611,-74.137926965666,11.3594498584544,-74.137926965666,11.3594498584544,3.88604814449729,0,-74.137926965666,11.3594498584544
"1303","gbif2170",-87.940002,17.92,NA,NA,NA,NA,NA,NA,-87.940002,17.92
"1304","gbif2171",-77.465553,21.843334,-77.5131530864073,21.8414227491664,-77.4476754954621,21.8414227491664,1.86018058112082,6.76885112230064,-77.4476754954621,21.8414227491664
"1305","gbif2172",-74.540001,23.950001,-74.514568224885,23.9755464987032,-74.5804778662715,23.9755464987032,4.99776850253307,6.70769270674922,-74.5804778662715,23.9755464987032
"1306","gbif2173",-74.480003,24.16,NA,NA,NA,NA,NA,NA,-74.480003,24.16
"1307","gbif2174",-77.426369,23.79092,NA,NA,NA,NA,NA,NA,-77.426369,23.79092
"1308","gbif2175",-77.860977,24.844931,NA,NA,NA,NA,NA,NA,-77.860977,24.844931
"1309","gbif2176",-79.467415,21.079517,NA,NA,NA,NA,NA,NA,-79.467415,21.079517
"1310","gbif2177",-87.940002,17.92,NA,NA,NA,NA,NA,NA,-87.940002,17.92
"1311","gbif2178",-78.991066,20.833683,NA,NA,NA,NA,NA,NA,-78.991066,20.833683
"1312","gbif2179",-81.876953,24.452066,NA,NA,NA,NA,NA,NA,-81.876953,24.452066
"1313","gbif218",-74.128361,11.325611,-74.137926965666,11.3594498584544,-74.137926965666,11.3594498584544,3.88604814449729,0,-74.137926965666,11.3594498584544
"1314","gbif2180",-81.876953,24.452066,NA,NA,NA,NA,NA,NA,-81.876953,24.452066
"1315","gbif2181",-77.629173,24.253151,NA,NA,NA,NA,NA,NA,-77.629173,24.253151
"1316","gbif2182",-81.425797,21.902267,NA,NA,NA,NA,NA,NA,-81.425797,21.902267
"1317","gbif2183",-79.019485,20.846001,NA,NA,NA,NA,NA,NA,-79.019485,20.846001
"1318","gbif2184",-66.592453,11.910633,NA,NA,NA,NA,NA,NA,-66.592453,11.910633
"1319","gbif2185",-77.68235,24.367029,NA,NA,NA,NA,NA,NA,-77.68235,24.367029
"1320","gbif2186",-88.139999,16.76,NA,NA,NA,NA,NA,NA,-88.139999,16.76
"1321","gbif2187",-77.770172,24.72917,-77.7820188029016,24.7192993682217,-77.7810705686238,24.7758429047796,5.28615131931617,6.2640192548897,-77.7810705686238,24.7758429047796
"1322","gbif2188",-79.363052,22.718334,NA,NA,NA,NA,NA,NA,-79.363052,22.718334
"1323","gbif2189",-77.698997,24.483999,NA,NA,NA,NA,NA,NA,-77.698997,24.483999
"1324","gbif219",-74.128361,11.325611,-74.137926965666,11.3594498584544,-74.137926965666,11.3594498584544,3.88604814449729,0,-74.137926965666,11.3594498584544
"1325","gbif2190",-87.746132,17.59425,NA,NA,NA,NA,NA,NA,-87.746132,17.59425
"1326","gbif2191",-65.314964,18.338083,-65.3120948323764,18.3112263801408,-65.3120948323764,18.373471656169,3.92868076660646,6.88955059508306,-65.3120948323764,18.373471656169
"1327","gbif2192",-77.698067,24.439501,NA,NA,NA,NA,NA,NA,-77.698067,24.439501
"1328","gbif2193",-87.320534,18.519634,NA,NA,NA,NA,NA,NA,-87.320534,18.519634
"1329","gbif2194",-78.881264,9.56205,NA,NA,NA,NA,NA,NA,-78.881264,9.56205
"1330","gbif2195",-81.519333,22.09885,NA,NA,NA,NA,NA,NA,-81.519333,22.09885
"1331","gbif2196",-80.126663,23.1,NA,NA,NA,NA,NA,NA,-80.126663,23.1
"1332","gbif2197",-79.971634,21.677134,NA,NA,NA,NA,NA,NA,-79.971634,21.677134
"1333","gbif2198",-80.588608,23.236666,NA,NA,NA,NA,NA,NA,-80.588608,23.236666
"1334","gbif2199",-77.937828,25.063669,-77.9796848016266,25.0642250659524,-77.9144285978885,25.0426083734717,3.31929246221483,7.00663945943426,-77.9144285978885,25.0426083734717
"1335","gbif22",-80.086718,25.640652,NA,NA,NA,NA,NA,NA,-80.086718,25.640652
"1336","gbif220",-74.128361,11.325611,-74.137926965666,11.3594498584544,-74.137926965666,11.3594498584544,3.88604814449729,0,-74.137926965666,11.3594498584544
"1337","gbif2200",-81.519333,22.09885,NA,NA,NA,NA,NA,NA,-81.519333,22.09885
"1338","gbif2201",-66.580452,11.778517,NA,NA,NA,NA,NA,NA,-66.580452,11.778517
"1339","gbif2202",-77.419022,23.778219,NA,NA,NA,NA,NA,NA,-77.419022,23.778219
"1340","gbif2203",-87.333969,18.753532,NA,NA,NA,NA,NA,NA,-87.333969,18.753532
"1341","gbif2204",-76.97683,26.3575,NA,NA,NA,NA,NA,NA,-76.97683,26.3575
"1342","gbif2205",-80.348152,25.034967,NA,NA,NA,NA,NA,NA,-80.348152,25.034967
"1343","gbif2206",-77.629173,24.253151,NA,NA,NA,NA,NA,NA,-77.629173,24.253151
"1344","gbif2207",-82.119965,9.26785,-82.1043715701966,9.27078571482599,-82.0485275050935,9.30344572063728,8.78087784501504,7.11993219693636,-82.0485275050935,9.30344572063728
"1345","gbif2208",-77.419022,23.778219,NA,NA,NA,NA,NA,NA,-77.419022,23.778219
"1346","gbif2209",-71.113632,21.4589,NA,NA,NA,NA,NA,NA,-71.113632,21.4589
"1347","gbif221",-74.128361,11.325611,-74.137926965666,11.3594498584544,-74.137926965666,11.3594498584544,3.88604814449729,0,-74.137926965666,11.3594498584544
"1348","gbif2210",-81.430435,21.912434,NA,NA,NA,NA,NA,NA,-81.430435,21.912434
"1349","gbif2211",-76.976387,26.59725,NA,NA,NA,NA,NA,NA,-76.976387,26.59725
"1350","gbif2212",-80.218903,25.208883,NA,NA,NA,NA,NA,NA,-80.218903,25.208883
"1351","gbif2213",-77.937828,25.063669,-77.9796848016266,25.0642250659524,-77.9144285978885,25.0426083734717,3.31929246221483,7.00663945943426,-77.9144285978885,25.0426083734717
"1352","gbif2214",-82.324165,9.423317,NA,NA,NA,NA,NA,NA,-82.324165,9.423317
"1353","gbif2215",-76.988503,26.397833,NA,NA,NA,NA,NA,NA,-76.988503,26.397833
"1354","gbif2216",-79.584999,22.833611,NA,NA,NA,NA,NA,NA,-79.584999,22.833611
"1355","gbif2217",-77.807671,24.751329,-77.8110915000961,24.7483862432583,-77.7810705686238,24.7758429047796,3.82252174320534,4.2976284442484,-77.7810705686238,24.7758429047796
"1356","gbif2218",-80.301498,25.11875,NA,NA,NA,NA,NA,NA,-80.301498,25.11875
"1357","gbif2219",-77.861,24.844999,NA,NA,NA,NA,NA,NA,-77.861,24.844999
"1358","gbif222",-74.128361,11.325611,-74.137926965666,11.3594498584544,-74.137926965666,11.3594498584544,3.88604814449729,0,-74.137926965666,11.3594498584544
"1359","gbif2220",-76.97683,26.3575,NA,NA,NA,NA,NA,NA,-76.97683,26.3575
"1360","gbif2221",-87.959999,17.889999,NA,NA,NA,NA,NA,NA,-87.959999,17.889999
"1361","gbif2222",-76.959,26.577499,NA,NA,NA,NA,NA,NA,-76.959,26.577499
"1362","gbif2223",-87.333969,18.753532,NA,NA,NA,NA,NA,NA,-87.333969,18.753532
"1363","gbif2224",-77.858597,24.842171,NA,NA,NA,NA,NA,NA,-77.858597,24.842171
"1364","gbif2225",-66.592453,11.910633,NA,NA,NA,NA,NA,NA,-66.592453,11.910633
"1365","gbif2226",-81.197563,21.804667,NA,NA,NA,NA,NA,NA,-81.197563,21.804667
"1366","gbif2227",-76.956947,26.526766,NA,NA,NA,NA,NA,NA,-76.956947,26.526766
"1367","gbif2228",-78.034332,25.223921,NA,NA,NA,NA,NA,NA,-78.034332,25.223921
"1368","gbif2229",-81.417519,21.891001,NA,NA,NA,NA,NA,NA,-81.417519,21.891001
"1369","gbif223",-74.128361,11.325611,-74.137926965666,11.3594498584544,-74.137926965666,11.3594498584544,3.88604814449729,0,-74.137926965666,11.3594498584544
"1370","gbif2230",-77.983032,25.128851,NA,NA,NA,NA,NA,NA,-77.983032,25.128851
"1371","gbif2231",-77.646202,24.29167,NA,NA,NA,NA,NA,NA,-77.646202,24.29167
"1372","gbif2232",-77.921669,18.50585,-77.9221113855145,18.5064962105404,-77.9811076125208,18.506854390515,6.27762152035762,6.23003623663994,-77.9811076125208,18.506854390515
"1373","gbif2233",-77.376999,23.696501,NA,NA,NA,NA,NA,NA,-77.376999,23.696501
"1374","gbif2234",-81.681801,21.576967,NA,NA,NA,NA,NA,NA,-81.681801,21.576967
"1375","gbif2235",-74.480003,24.17,NA,NA,NA,NA,NA,NA,-74.480003,24.17
"1376","gbif2236",-87.980034,16.528667,NA,NA,NA,NA,NA,NA,-87.980034,16.528667
"1377","gbif2237",-77.861,24.844999,NA,NA,NA,NA,NA,NA,-77.861,24.844999
"1378","gbif2238",-77.65638,24.3069,NA,NA,NA,NA,NA,NA,-77.65638,24.3069
"1379","gbif2239",-79.558151,21.217699,NA,NA,NA,NA,NA,NA,-79.558151,21.217699
"1380","gbif224",-74.128361,11.325611,-74.137926965666,11.3594498584544,-74.137926965666,11.3594498584544,3.88604814449729,0,-74.137926965666,11.3594498584544
"1381","gbif2240",-81.425797,21.902267,NA,NA,NA,NA,NA,NA,-81.425797,21.902267
"1382","gbif2241",-87.305977,20.399799,NA,NA,NA,NA,NA,NA,-87.305977,20.399799
"1383","gbif2242",-77.537033,24.097931,-77.5637787323847,24.0913518378895,-77.5143545100944,24.1089292330493,2.60773285796534,5.38905128935586,-77.5143545100944,24.1089292330493
"1384","gbif2243",-79.091263,20.899683,NA,NA,NA,NA,NA,NA,-79.091263,20.899683
"1385","gbif2244",-79.103485,20.901316,NA,NA,NA,NA,NA,NA,-79.103485,20.901316
"1386","gbif2245",-81.430435,21.912434,NA,NA,NA,NA,NA,NA,-81.430435,21.912434
"1387","gbif2246",-87.287849,18.566816,NA,NA,NA,NA,NA,NA,-87.287849,18.566816
"1388","gbif2247",-82.805,9.738334,NA,NA,NA,NA,NA,NA,-82.805,9.738334
"1389","gbif2248",-79.103485,20.901316,NA,NA,NA,NA,NA,NA,-79.103485,20.901316
"1390","gbif2249",-81.247231,21.833334,NA,NA,NA,NA,NA,NA,-81.247231,21.833334
"1391","gbif225",-74.128361,11.325611,-74.137926965666,11.3594498584544,-74.137926965666,11.3594498584544,3.88604814449729,0,-74.137926965666,11.3594498584544
"1392","gbif2250",-70.818466,21.022816,NA,NA,NA,NA,NA,NA,-70.818466,21.022816
"1393","gbif2251",-81.635834,21.580917,NA,NA,NA,NA,NA,NA,-81.635834,21.580917
"1394","gbif2252",-77.8563,24.84425,NA,NA,NA,NA,NA,NA,-77.8563,24.84425
"1395","gbif2253",-77.647881,24.3013,NA,NA,NA,NA,NA,NA,-77.647881,24.3013
"1396","gbif2254",-82.371284,21.536434,NA,NA,NA,NA,NA,NA,-82.371284,21.536434
"1397","gbif2255",-66.592453,11.910633,NA,NA,NA,NA,NA,NA,-66.592453,11.910633
"1398","gbif2256",-82.317146,21.562784,NA,NA,NA,NA,NA,NA,-82.317146,21.562784
"1399","gbif2257",-81.246681,19.358633,NA,NA,NA,NA,NA,NA,-81.246681,19.358633
"1400","gbif2258",-77.646202,24.29167,NA,NA,NA,NA,NA,NA,-77.646202,24.29167
"1401","gbif2259",-77.861,24.844999,NA,NA,NA,NA,NA,NA,-77.861,24.844999
"1402","gbif226",-74.128361,11.325611,-74.137926965666,11.3594498584544,-74.137926965666,11.3594498584544,3.88604814449729,0,-74.137926965666,11.3594498584544
"1403","gbif2260",-87.740898,17.570784,NA,NA,NA,NA,NA,NA,-87.740898,17.570784
"1404","gbif2261",-79.207664,20.966749,NA,NA,NA,NA,NA,NA,-79.207664,20.966749
"1405","gbif2262",-79.755836,22.946667,NA,NA,NA,NA,NA,NA,-79.755836,22.946667
"1406","gbif2263",-78.657684,20.644167,NA,NA,NA,NA,NA,NA,-78.657684,20.644167
"1407","gbif2264",-82.430786,21.544283,NA,NA,NA,NA,NA,NA,-82.430786,21.544283
"1408","gbif2265",-87.830833,18.228611,NA,NA,NA,NA,NA,NA,-87.830833,18.228611
"1409","gbif2266",-77.8563,24.84425,NA,NA,NA,NA,NA,NA,-77.8563,24.84425
"1410","gbif2267",-78.280998,20.6061,NA,NA,NA,NA,NA,NA,-78.280998,20.6061
"1411","gbif2268",-78.002899,25.160101,NA,NA,NA,NA,NA,NA,-78.002899,25.160101
"1412","gbif2269",-77.691002,24.630671,NA,NA,NA,NA,NA,NA,-77.691002,24.630671
"1413","gbif227",-74.128611,11.329861,-74.1370501676457,11.3596875637681,-74.1370501676457,11.3596875637681,3.42549397535746,0,-74.1370501676457,11.3596875637681
"1414","gbif2270",-65.248367,18.3311,NA,NA,NA,NA,NA,NA,-65.248367,18.3311
"1415","gbif2271",-77.698067,24.439501,NA,NA,NA,NA,NA,NA,-77.698067,24.439501
"1416","gbif2272",-74.540001,23.950001,-74.514568224885,23.9755464987032,-74.5804778662715,23.9755464987032,4.99776850253307,6.70769270674922,-74.5804778662715,23.9755464987032
"1417","gbif2273",-65.572502,18.377733,NA,NA,NA,NA,NA,NA,-65.572502,18.377733
"1418","gbif2274",-77.602501,22.024723,NA,NA,NA,NA,NA,NA,-77.602501,22.024723
"1419","gbif2275",-65.248367,18.3311,NA,NA,NA,NA,NA,NA,-65.248367,18.3311
"1420","gbif2276",-78.034332,25.223921,NA,NA,NA,NA,NA,NA,-78.034332,25.223921
"1421","gbif2277",-81.430435,21.912434,NA,NA,NA,NA,NA,NA,-81.430435,21.912434
"1422","gbif2278",-81.405151,24.546074,NA,NA,NA,NA,NA,NA,-81.405151,24.546074
"1423","gbif2279",-77.770172,24.72917,-77.7820188029016,24.7192993682217,-77.7810705686238,24.7758429047796,5.28615131931617,6.2640192548897,-77.7810705686238,24.7758429047796
"1424","gbif228",-77.33625,8.642056,-77.3294575293647,8.6493806160825,-77.3143174661974,8.63653204890701,2.49010468682428,2.18999260871193,-77.3143174661974,8.63653204890701
"1425","gbif2280",-81.430435,21.912434,NA,NA,NA,NA,NA,NA,-81.430435,21.912434
"1426","gbif2281",-81.519333,22.09885,NA,NA,NA,NA,NA,NA,-81.519333,22.09885
"1427","gbif2282",-77.8563,24.84425,NA,NA,NA,NA,NA,NA,-77.8563,24.84425
"1428","gbif2283",-81.479446,21.969482,NA,NA,NA,NA,NA,NA,-81.479446,21.969482
"1429","gbif2284",-87.426613,18.457966,NA,NA,NA,NA,NA,NA,-87.426613,18.457966
"1430","gbif2285",-78.085571,25.313219,NA,NA,NA,NA,NA,NA,-78.085571,25.313219
"1431","gbif2286",-82.449249,21.543533,NA,NA,NA,NA,NA,NA,-82.449249,21.543533
"1432","gbif2287",-87.526497,17.221001,NA,NA,NA,NA,NA,NA,-87.526497,17.221001
"1433","gbif2288",-77.65638,24.3069,NA,NA,NA,NA,NA,NA,-77.65638,24.3069
"1434","gbif2289",-87.305977,20.399799,NA,NA,NA,NA,NA,NA,-87.305977,20.399799
"1435","gbif229",-74.128361,11.325611,-74.137926965666,11.3594498584544,-74.137926965666,11.3594498584544,3.88604814449729,0,-74.137926965666,11.3594498584544
"1436","gbif2290",-78.280998,20.6061,NA,NA,NA,NA,NA,NA,-78.280998,20.6061
"1437","gbif2291",-74.459999,24.16,NA,NA,NA,NA,NA,NA,-74.459999,24.16
"1438","gbif2292",-71.110466,21.43845,NA,NA,NA,NA,NA,NA,-71.110466,21.43845
"1439","gbif2293",-82.805,9.738334,NA,NA,NA,NA,NA,NA,-82.805,9.738334
"1440","gbif2294",-77.770172,24.72917,-77.7820188029016,24.7192993682217,-77.7810705686238,24.7758429047796,5.28615131931617,6.2640192548897,-77.7810705686238,24.7758429047796
"1441","gbif2295",-82.430786,21.544283,NA,NA,NA,NA,NA,NA,-82.430786,21.544283
"1442","gbif2296",-78.002899,25.160101,NA,NA,NA,NA,NA,NA,-78.002899,25.160101
"1443","gbif2297",-71.599998,21.299999,NA,NA,NA,NA,NA,NA,-71.599998,21.299999
"1444","gbif2298",-82.9804,12.31568,NA,NA,NA,NA,NA,NA,-82.9804,12.31568
"1445","gbif2299",-76.959,26.577499,NA,NA,NA,NA,NA,NA,-76.959,26.577499
"1446","gbif23",-64.655975,18.264977,NA,NA,NA,NA,NA,NA,-64.655975,18.264977
"1447","gbif230",-74.128611,11.329861,-74.1370501676457,11.3596875637681,-74.1370501676457,11.3596875637681,3.42549397535746,0,-74.1370501676457,11.3596875637681
"1448","gbif2300",-80.126663,23.1,NA,NA,NA,NA,NA,NA,-80.126663,23.1
"1449","gbif2301",-77.807716,24.774349,-77.8237235889751,24.7610184835926,-77.7810705686238,24.7758429047796,2.69981166057824,4.61582272947461,-77.7810705686238,24.7758429047796
"1450","gbif2302",-79.103485,20.901316,NA,NA,NA,NA,NA,NA,-79.103485,20.901316
"1451","gbif2303",-77.376999,23.696501,NA,NA,NA,NA,NA,NA,-77.376999,23.696501
"1452","gbif2304",-87.872429,18.22097,NA,NA,NA,NA,NA,NA,-87.872429,18.22097
"1453","gbif2305",-87.882385,16.740784,NA,NA,NA,NA,NA,NA,-87.882385,16.740784
"1454","gbif2306",-77.683723,24.5448,NA,NA,NA,NA,NA,NA,-77.683723,24.5448
"1455","gbif2307",-77.646202,24.29167,NA,NA,NA,NA,NA,NA,-77.646202,24.29167
"1456","gbif2308",-77.937828,25.063669,-77.9796848016266,25.0642250659524,-77.9144285978885,25.0426083734717,3.31929246221483,7.00663945943426,-77.9144285978885,25.0426083734717
"1457","gbif2309",-78.085571,25.313219,NA,NA,NA,NA,NA,NA,-78.085571,25.313219
"1458","gbif231",-74.128611,11.329861,-74.1370501676457,11.3596875637681,-74.1370501676457,11.3596875637681,3.42549397535746,0,-74.1370501676457,11.3596875637681
"1459","gbif2310",-77.670677,24.343149,NA,NA,NA,NA,NA,NA,-77.670677,24.343149
"1460","gbif2311",-77.693176,24.6259,NA,NA,NA,NA,NA,NA,-77.693176,24.6259
"1461","gbif2312",-87.980034,16.528667,NA,NA,NA,NA,NA,NA,-87.980034,16.528667
"1462","gbif2313",-77.652779,22.176945,NA,NA,NA,NA,NA,NA,-77.652779,22.176945
"1463","gbif2314",-81.417519,21.891001,NA,NA,NA,NA,NA,NA,-81.417519,21.891001
"1464","gbif2315",-81.92717,21.595783,NA,NA,NA,NA,NA,NA,-81.92717,21.595783
"1465","gbif2316",-74.540001,23.950001,-74.514568224885,23.9755464987032,-74.5804778662715,23.9755464987032,4.99776850253307,6.70769270674922,-74.5804778662715,23.9755464987032
"1466","gbif2317",-77.983032,25.128851,NA,NA,NA,NA,NA,NA,-77.983032,25.128851
"1467","gbif2318",-77.537033,24.097931,-77.5637787323847,24.0913518378895,-77.5143545100944,24.1089292330493,2.60773285796534,5.38905128935586,-77.5143545100944,24.1089292330493
"1468","gbif2319",-83.047997,12.19013,NA,NA,NA,NA,NA,NA,-83.047997,12.19013
"1469","gbif232",-74.128611,11.329861,-74.1370501676457,11.3596875637681,-74.1370501676457,11.3596875637681,3.42549397535746,0,-74.1370501676457,11.3596875637681
"1470","gbif2320",-87.746132,17.59425,NA,NA,NA,NA,NA,NA,-87.746132,17.59425
"1471","gbif2321",-96.068336,19.197222,NA,NA,NA,NA,NA,NA,-96.068336,19.197222
"1472","gbif2322",-77.101433,18.414867,NA,NA,NA,NA,NA,NA,-77.101433,18.414867
"1473","gbif2323",-65.314964,18.338083,-65.3120948323764,18.3112263801408,-65.3120948323764,18.373471656169,3.92868076660646,6.88955059508306,-65.3120948323764,18.373471656169
"1474","gbif2324",-77.807671,24.751329,-77.8110915000961,24.7483862432583,-77.7810705686238,24.7758429047796,3.82252174320534,4.2976284442484,-77.7810705686238,24.7758429047796
"1475","gbif2325",-78.034332,25.223921,NA,NA,NA,NA,NA,NA,-78.034332,25.223921
"1476","gbif2326",-77.8563,24.84425,NA,NA,NA,NA,NA,NA,-77.8563,24.84425
"1477","gbif2327",-81.514603,22.036051,NA,NA,NA,NA,NA,NA,-81.514603,22.036051
"1478","gbif2328",-79.409164,21.07115,NA,NA,NA,NA,NA,NA,-79.409164,21.07115
"1479","gbif2329",-77.743431,24.69953,-77.7678185908596,24.6926048181617,-77.7143915539915,24.7091515376065,3.12580817886443,5.70867593259974,-77.7143915539915,24.7091515376065
"1480","gbif233",-77.358722,8.662139,-77.3514981860722,8.66964877645336,-77.3809964808298,8.70322341608004,5.16292065713484,4.93223780172266,-77.3809964808298,8.70322341608004
"1481","gbif2330",-77.770172,24.72917,-77.7820188029016,24.7192993682217,-77.7810705686238,24.7758429047796,5.28615131931617,6.2640192548897,-77.7810705686238,24.7758429047796
"1482","gbif2331",-77.770172,24.72917,-77.7820188029016,24.7192993682217,-77.7810705686238,24.7758429047796,5.28615131931617,6.2640192548897,-77.7810705686238,24.7758429047796
"1483","gbif2332",-71.599152,21.37265,NA,NA,NA,NA,NA,NA,-71.599152,21.37265
"1484","gbif2333",-77.807671,24.751329,-77.8110915000961,24.7483862432583,-77.7810705686238,24.7758429047796,3.82252174320534,4.2976284442484,-77.7810705686238,24.7758429047796
"1485","gbif2334",-77.698997,24.483999,NA,NA,NA,NA,NA,NA,-77.698997,24.483999
"1486","gbif2335",-77.38237,23.709669,NA,NA,NA,NA,NA,NA,-77.38237,23.709669
"1487","gbif2336",-81.519333,22.09885,NA,NA,NA,NA,NA,NA,-81.519333,22.09885
"1488","gbif2337",-77.426369,23.79092,NA,NA,NA,NA,NA,NA,-77.426369,23.79092
"1489","gbif2338",-87.410469,18.408817,NA,NA,NA,NA,NA,NA,-87.410469,18.408817
"1490","gbif2339",-78.034332,25.223921,NA,NA,NA,NA,NA,NA,-78.034332,25.223921
"1491","gbif234",-77.358722,8.662139,-77.3514981860722,8.66964877645336,-77.3809964808298,8.70322341608004,5.16292065713484,4.93223780172266,-77.3809964808298,8.70322341608004
"1492","gbif2340",-64.231499,18.666082,NA,NA,NA,NA,NA,NA,-64.231499,18.666082
"1493","gbif2341",-65.314964,18.338083,-65.3120948323764,18.3112263801408,-65.3120948323764,18.373471656169,3.92868076660646,6.88955059508306,-65.3120948323764,18.373471656169
"1494","gbif2342",-77.691002,24.630671,NA,NA,NA,NA,NA,NA,-77.691002,24.630671
"1495","gbif2343",-71.113632,21.4589,NA,NA,NA,NA,NA,NA,-71.113632,21.4589
"1496","gbif2344",-74.470001,24.15,NA,NA,NA,NA,NA,NA,-74.470001,24.15
"1497","gbif2345",-79.928131,21.656967,NA,NA,NA,NA,NA,NA,-79.928131,21.656967
"1498","gbif2346",-78.085571,25.313219,NA,NA,NA,NA,NA,NA,-78.085571,25.313219
"1499","gbif2347",-66.723,11.881133,NA,NA,NA,NA,NA,NA,-66.723,11.881133
"1500","gbif2348",-78.280998,20.6061,NA,NA,NA,NA,NA,NA,-78.280998,20.6061
"1501","gbif2349",-78.885551,9.5436,NA,NA,NA,NA,NA,NA,-78.885551,9.5436
"1502","gbif235",-74.128611,11.329861,-74.1370501676457,11.3596875637681,-74.1370501676457,11.3596875637681,3.42549397535746,0,-74.1370501676457,11.3596875637681
"1503","gbif2350",-77.426369,23.79092,NA,NA,NA,NA,NA,NA,-77.426369,23.79092
"1504","gbif2351",-79.467415,21.079517,NA,NA,NA,NA,NA,NA,-79.467415,21.079517
"1505","gbif2352",-81.876953,24.452066,NA,NA,NA,NA,NA,NA,-81.876953,24.452066
"1506","gbif2353",-77.807716,24.774349,-77.8237235889751,24.7610184835926,-77.7810705686238,24.7758429047796,2.69981166057824,4.61582272947461,-77.7810705686238,24.7758429047796
"1507","gbif2354",-78.085571,25.313219,NA,NA,NA,NA,NA,NA,-78.085571,25.313219
"1508","gbif2355",-65.314964,18.338083,-65.3120948323764,18.3112263801408,-65.3120948323764,18.373471656169,3.92868076660646,6.88955059508306,-65.3120948323764,18.373471656169
"1509","gbif2356",-79.467415,21.079517,NA,NA,NA,NA,NA,NA,-79.467415,21.079517
"1510","gbif2357",-81.519333,22.09885,NA,NA,NA,NA,NA,NA,-81.519333,22.09885
"1511","gbif2358",-81.515869,22.021616,NA,NA,NA,NA,NA,NA,-81.515869,22.021616
"1512","gbif2359",-77.770172,24.72917,-77.7820188029016,24.7192993682217,-77.7810705686238,24.7758429047796,5.28615131931617,6.2640192548897,-77.7810705686238,24.7758429047796
"1513","gbif236",-81.6851,12.583167,NA,NA,NA,NA,NA,NA,-81.6851,12.583167
"1514","gbif2360",-77.8563,24.84425,NA,NA,NA,NA,NA,NA,-77.8563,24.84425
"1515","gbif2361",-78.085571,25.313219,NA,NA,NA,NA,NA,NA,-78.085571,25.313219
"1516","gbif2362",-77.693176,24.6259,NA,NA,NA,NA,NA,NA,-77.693176,24.6259
"1517","gbif2363",-82.324165,9.423317,NA,NA,NA,NA,NA,NA,-82.324165,9.423317
"1518","gbif2364",-82.304085,21.560801,NA,NA,NA,NA,NA,NA,-82.304085,21.560801
"1519","gbif2365",-78.280998,20.6061,NA,NA,NA,NA,NA,NA,-78.280998,20.6061
"1520","gbif2366",-88.049515,16.9198,NA,NA,NA,NA,NA,NA,-88.049515,16.9198
"1521","gbif2367",-78.034332,25.223921,NA,NA,NA,NA,NA,NA,-78.034332,25.223921
"1522","gbif2368",-76.988503,26.397833,NA,NA,NA,NA,NA,NA,-76.988503,26.397833
"1523","gbif2369",-78.655716,9.51865,NA,NA,NA,NA,NA,NA,-78.655716,9.51865
"1524","gbif237",-81.6851,12.583167,NA,NA,NA,NA,NA,NA,-81.6851,12.583167
"1525","gbif2370",-77.646202,24.29167,NA,NA,NA,NA,NA,NA,-77.646202,24.29167
"1526","gbif2371",-78.12722,22.4825,NA,NA,NA,NA,NA,NA,-78.12722,22.4825
"1527","gbif2372",-80.259315,25.1408,NA,NA,NA,NA,NA,NA,-80.259315,25.1408
"1528","gbif2373",-81.519333,22.09885,NA,NA,NA,NA,NA,NA,-81.519333,22.09885
"1529","gbif2374",-82.974403,12.29837,NA,NA,NA,NA,NA,NA,-82.974403,12.29837
"1530","gbif2375",-77.8563,24.84425,NA,NA,NA,NA,NA,NA,-77.8563,24.84425
"1531","gbif2376",-77.861,24.844999,NA,NA,NA,NA,NA,NA,-77.861,24.844999
"1532","gbif2377",-82.805,9.738334,NA,NA,NA,NA,NA,NA,-82.805,9.738334
"1533","gbif2378",-81.07473,19.317633,NA,NA,NA,NA,NA,NA,-81.07473,19.317633
"1534","gbif2379",-74.540001,23.950001,-74.514568224885,23.9755464987032,-74.5804778662715,23.9755464987032,4.99776850253307,6.70769270674922,-74.5804778662715,23.9755464987032
"1535","gbif238",-81.6851,12.583167,NA,NA,NA,NA,NA,NA,-81.6851,12.583167
"1536","gbif2380",-79.103485,20.901316,NA,NA,NA,NA,NA,NA,-79.103485,20.901316
"1537","gbif2381",-81.519333,22.09885,NA,NA,NA,NA,NA,NA,-81.519333,22.09885
"1538","gbif2382",-63.007999,18.010666,-63.0143513758949,18.0297492931934,-62.9783293202445,18.0400148203038,4.51905808626553,3.97979266733556,-62.9783293202445,18.0400148203038
"1539","gbif2383",-76.976387,26.59725,NA,NA,NA,NA,NA,NA,-76.976387,26.59725
"1540","gbif2384",-77.861,24.844999,NA,NA,NA,NA,NA,NA,-77.861,24.844999
"1541","gbif2385",-78.349724,22.540277,-78.360665080428,22.5083364208966,-78.3145026856825,22.5083364208966,5.0636035630231,4.74965479207132,-78.3145026856825,22.5083364208966
"1542","gbif2386",-77.743431,24.69953,-77.7678185908596,24.6926048181617,-77.7143915539915,24.7091515376065,3.12580817886443,5.70867593259974,-77.7143915539915,24.7091515376065
"1543","gbif2387",-79.091263,20.899683,NA,NA,NA,NA,NA,NA,-79.091263,20.899683
"1544","gbif2388",-81.46685,21.960484,NA,NA,NA,NA,NA,NA,-81.46685,21.960484
"1545","gbif2389",-81.820747,9.106234,-81.8172577162513,9.11048841249628,-81.7818114465642,9.10337161911821,4.29172752751239,3.97515475100498,-81.7818114465642,9.10337161911821
"1546","gbif239",-81.6851,12.583167,NA,NA,NA,NA,NA,NA,-81.6851,12.583167
"1547","gbif2390",-77.861,24.844999,NA,NA,NA,NA,NA,NA,-77.861,24.844999
"1548","gbif2391",-77.537033,24.097931,-77.5637787323847,24.0913518378895,-77.5143545100944,24.1089292330493,2.60773285796534,5.38905128935586,-77.5143545100944,24.1089292330493
"1549","gbif2392",-82.09893,21.51545,NA,NA,NA,NA,NA,NA,-82.09893,21.51545
"1550","gbif2393",-77.770172,24.72917,-77.7820188029016,24.7192993682217,-77.7810705686238,24.7758429047796,5.28615131931617,6.2640192548897,-77.7810705686238,24.7758429047796
"1551","gbif2394",-77.537033,24.097931,-77.5637787323847,24.0913518378895,-77.5143545100944,24.1089292330493,2.60773285796534,5.38905128935586,-77.5143545100944,24.1089292330493
"1552","gbif2395",-78.126945,18.465834,-78.1256766267009,18.4502618987128,-78.1144656417855,18.506854390515,4.72777728810956,6.37489148415,-78.1144656417855,18.506854390515
"1553","gbif2396",-65.264786,18.338383,-65.2898684941656,18.3067802889959,-65.245415817744,18.3067802889959,4.05315173588614,4.69955400013281,-65.245415817744,18.3067802889959
"1554","gbif2397",-78.002899,25.160101,NA,NA,NA,NA,NA,NA,-78.002899,25.160101
"1555","gbif2398",-77.683723,24.5448,NA,NA,NA,NA,NA,NA,-77.683723,24.5448
"1556","gbif2399",-77.670677,24.343149,NA,NA,NA,NA,NA,NA,-77.670677,24.343149
"1557","gbif24",-64.64919,18.367323,-64.645304686053,18.3537673885951,-64.645304686053,18.3067802889959,6.71367273268369,5.20070932848616,-64.645304686053,18.3067802889959
"1558","gbif240",-81.686283,12.584717,NA,NA,NA,NA,NA,NA,-81.686283,12.584717
"1559","gbif2400",-87.882385,16.740784,NA,NA,NA,NA,NA,NA,-87.882385,16.740784
"1560","gbif2401",-82.065933,9.272767,-82.103263513904,9.26535743003132,-82.0485275050935,9.23675435346425,4.41842005211074,6.79569046701186,-82.0485275050935,9.23675435346425
"1561","gbif2402",-74.480003,24.17,NA,NA,NA,NA,NA,NA,-74.480003,24.17
"1562","gbif2403",-82.430786,21.544283,NA,NA,NA,NA,NA,NA,-82.430786,21.544283
"1563","gbif2404",-77.8563,24.84425,NA,NA,NA,NA,NA,NA,-77.8563,24.84425
"1564","gbif2405",-65.314964,18.338083,-65.3120948323764,18.3112263801408,-65.3120948323764,18.373471656169,3.92868076660646,6.88955059508306,-65.3120948323764,18.373471656169
"1565","gbif2406",-77.647881,24.3013,NA,NA,NA,NA,NA,NA,-77.647881,24.3013
"1566","gbif2407",-78.991066,20.833683,NA,NA,NA,NA,NA,NA,-78.991066,20.833683
"1567","gbif2408",-74.540001,23.950001,-74.514568224885,23.9755464987032,-74.5804778662715,23.9755464987032,4.99776850253307,6.70769270674922,-74.5804778662715,23.9755464987032
"1568","gbif2409",-77.68235,24.367029,NA,NA,NA,NA,NA,NA,-77.68235,24.367029
"1569","gbif241",-81.686283,12.584717,NA,NA,NA,NA,NA,NA,-81.686283,12.584717
"1570","gbif2410",-81.247231,21.833334,NA,NA,NA,NA,NA,NA,-81.247231,21.833334
"1571","gbif2411",-79.103485,20.901316,NA,NA,NA,NA,NA,NA,-79.103485,20.901316
"1572","gbif2412",-79.755836,22.946667,NA,NA,NA,NA,NA,NA,-79.755836,22.946667
"1573","gbif2413",-78.349724,22.540277,-78.360665080428,22.5083364208966,-78.3145026856825,22.5083364208966,5.0636035630231,4.74965479207132,-78.3145026856825,22.5083364208966
"1574","gbif2414",-77.629173,24.253151,NA,NA,NA,NA,NA,NA,-77.629173,24.253151
"1575","gbif2415",-77.465553,21.843334,-77.5131530864073,21.8414227491664,-77.4476754954621,21.8414227491664,1.86018058112082,6.76885112230064,-77.4476754954621,21.8414227491664
"1576","gbif2416",-81.822517,9.107567,-81.8189797717767,9.1118850475027,-81.7818114465642,9.10337161911821,4.49859028343895,4.19283034563314,-81.7818114465642,9.10337161911821
"1577","gbif2417",-81.822517,9.107567,-81.8189797717767,9.1118850475027,-81.7818114465642,9.10337161911821,4.49859028343895,4.19283034563314,-81.7818114465642,9.10337161911821
"1578","gbif2418",-71.113632,21.4589,NA,NA,NA,NA,NA,NA,-71.113632,21.4589
"1579","gbif2419",-77.770172,24.72917,-77.7820188029016,24.7192993682217,-77.7810705686238,24.7758429047796,5.28615131931617,6.2640192548897,-77.7810705686238,24.7758429047796
"1580","gbif242",-81.686283,12.584717,NA,NA,NA,NA,NA,NA,-81.686283,12.584717
"1581","gbif2420",-81.681801,21.576967,NA,NA,NA,NA,NA,NA,-81.681801,21.576967
"1582","gbif2421",-82.805,9.738334,NA,NA,NA,NA,NA,NA,-82.805,9.738334
"1583","gbif2422",-79.409164,21.07115,NA,NA,NA,NA,NA,NA,-79.409164,21.07115
"1584","gbif2423",-77.937828,25.063669,-77.9796848016266,25.0642250659524,-77.9144285978885,25.0426083734717,3.31929246221483,7.00663945943426,-77.9144285978885,25.0426083734717
"1585","gbif2424",-81.957298,21.586367,NA,NA,NA,NA,NA,NA,-81.957298,21.586367
"1586","gbif2425",-82.304085,21.560801,NA,NA,NA,NA,NA,NA,-82.304085,21.560801
"1587","gbif2426",-80.348152,25.034967,NA,NA,NA,NA,NA,NA,-80.348152,25.034967
"1588","gbif2427",-77.698067,24.439501,NA,NA,NA,NA,NA,NA,-77.698067,24.439501
"1589","gbif2428",-80.0728,19.656866,NA,NA,NA,NA,NA,NA,-80.0728,19.656866
"1590","gbif2429",-74.480003,24.17,NA,NA,NA,NA,NA,NA,-74.480003,24.17
"1591","gbif243",-77.33625,8.642056,-77.3294575293647,8.6493806160825,-77.3143174661974,8.63653204890701,2.49010468682428,2.18999260871193,-77.3143174661974,8.63653204890701
"1592","gbif2430",-77.743431,24.69953,-77.7678185908596,24.6926048181617,-77.7143915539915,24.7091515376065,3.12580817886443,5.70867593259974,-77.7143915539915,24.7091515376065
"1593","gbif2431",-77.426369,23.79092,NA,NA,NA,NA,NA,NA,-77.426369,23.79092
"1594","gbif2432",-77.691002,24.630671,NA,NA,NA,NA,NA,NA,-77.691002,24.630671
"1595","gbif2433",-77.629173,24.253151,NA,NA,NA,NA,NA,NA,-77.629173,24.253151
"1596","gbif2434",-78.280998,20.6061,NA,NA,NA,NA,NA,NA,-78.280998,20.6061
"1597","gbif2435",-82.805,9.738334,NA,NA,NA,NA,NA,NA,-82.805,9.738334
"1598","gbif2436",-79.755836,22.946667,NA,NA,NA,NA,NA,NA,-79.755836,22.946667
"1599","gbif2437",-87.30658,20.396481,NA,NA,NA,NA,NA,NA,-87.30658,20.396481
"1600","gbif2438",-79.869781,19.682217,NA,NA,NA,NA,NA,NA,-79.869781,19.682217
"1601","gbif2439",-77.683723,24.5448,NA,NA,NA,NA,NA,NA,-77.683723,24.5448
"1602","gbif244",-76.207639,9.380111,NA,NA,NA,NA,NA,NA,-76.207639,9.380111
"1603","gbif2440",-77.983032,25.128851,NA,NA,NA,NA,NA,NA,-77.983032,25.128851
"1604","gbif2441",-77.683723,24.5448,NA,NA,NA,NA,NA,NA,-77.683723,24.5448
"1605","gbif2442",-81.425797,21.902267,NA,NA,NA,NA,NA,NA,-81.425797,21.902267
"1606","gbif2443",-77.8563,24.84425,NA,NA,NA,NA,NA,NA,-77.8563,24.84425
"1607","gbif2444",-81.635834,21.580917,NA,NA,NA,NA,NA,NA,-81.635834,21.580917
"1608","gbif2445",-77.647881,24.3013,NA,NA,NA,NA,NA,NA,-77.647881,24.3013
"1609","gbif2446",-77.376999,23.696501,NA,NA,NA,NA,NA,NA,-77.376999,23.696501
"1610","gbif2447",-76.959,26.577499,NA,NA,NA,NA,NA,NA,-76.959,26.577499
"1611","gbif2448",-77.68235,24.367029,NA,NA,NA,NA,NA,NA,-77.68235,24.367029
"1612","gbif2449",-71.113632,21.4589,NA,NA,NA,NA,NA,NA,-71.113632,21.4589
"1613","gbif245",-74.128611,11.329861,-74.1370501676457,11.3596875637681,-74.1370501676457,11.3596875637681,3.42549397535746,0,-74.1370501676457,11.3596875637681
"1614","gbif2450",-88.038086,17.35215,NA,NA,NA,NA,NA,NA,-88.038086,17.35215
"1615","gbif2451",-78.085571,25.313219,NA,NA,NA,NA,NA,NA,-78.085571,25.313219
"1616","gbif2452",-82.324165,9.423317,NA,NA,NA,NA,NA,NA,-82.324165,9.423317
"1617","gbif2453",-78.085571,25.313219,NA,NA,NA,NA,NA,NA,-78.085571,25.313219
"1618","gbif2454",-78.200836,20.568832,NA,NA,NA,NA,NA,NA,-78.200836,20.568832
"1619","gbif2455",-77.419022,23.778219,NA,NA,NA,NA,NA,NA,-77.419022,23.778219
"1620","gbif2456",-87.333969,18.753532,NA,NA,NA,NA,NA,NA,-87.333969,18.753532
"1621","gbif2457",-77.646202,24.29167,NA,NA,NA,NA,NA,NA,-77.646202,24.29167
"1622","gbif2458",-77.670677,24.343149,NA,NA,NA,NA,NA,NA,-77.670677,24.343149
"1623","gbif2459",-78.885536,9.5436,NA,NA,NA,NA,NA,NA,-78.885536,9.5436
"1624","gbif246",-74.128361,11.325611,-74.137926965666,11.3594498584544,-74.137926965666,11.3594498584544,3.88604814449729,0,-74.137926965666,11.3594498584544
"1625","gbif2460",-78.280998,20.6061,NA,NA,NA,NA,NA,NA,-78.280998,20.6061
"1626","gbif2461",-80.301498,25.11875,NA,NA,NA,NA,NA,NA,-80.301498,25.11875
"1627","gbif2462",-77.629173,24.253151,NA,NA,NA,NA,NA,NA,-77.629173,24.253151
"1628","gbif2463",-81.425797,21.902267,NA,NA,NA,NA,NA,NA,-81.425797,21.902267
"1629","gbif2464",-77.376999,23.696501,NA,NA,NA,NA,NA,NA,-77.376999,23.696501
"1630","gbif2465",-77.38237,23.709669,NA,NA,NA,NA,NA,NA,-77.38237,23.709669
"1631","gbif2466",-77.983032,25.128851,NA,NA,NA,NA,NA,NA,-77.983032,25.128851
"1632","gbif2467",-81.957298,21.586367,NA,NA,NA,NA,NA,NA,-81.957298,21.586367
"1633","gbif2468",-64.32077,18.74935,NA,NA,NA,NA,NA,NA,-64.32077,18.74935
"1634","gbif2469",-77.670677,24.343149,NA,NA,NA,NA,NA,NA,-77.670677,24.343149
"1635","gbif247",-81.686283,12.584717,NA,NA,NA,NA,NA,NA,-81.686283,12.584717
"1636","gbif2470",-74.540001,23.950001,-74.514568224885,23.9755464987032,-74.5804778662715,23.9755464987032,4.99776850253307,6.70769270674922,-74.5804778662715,23.9755464987032
"1637","gbif2471",-77.321266,18.470133,-77.3224932488242,18.4832873289805,-77.3224932488242,18.4832873289805,1.46175123395676,0,-77.3224932488242,18.4832873289805
"1638","gbif2472",-74.480003,24.16,NA,NA,NA,NA,NA,NA,-74.480003,24.16
"1639","gbif2473",-71.113632,21.4589,NA,NA,NA,NA,NA,NA,-71.113632,21.4589
"1640","gbif2474",-82.9804,12.31568,NA,NA,NA,NA,NA,NA,-82.9804,12.31568
"1641","gbif2475",-76.988503,26.397833,NA,NA,NA,NA,NA,NA,-76.988503,26.397833
"1642","gbif2476",-77.629173,24.253151,NA,NA,NA,NA,NA,NA,-77.629173,24.253151
"1643","gbif2477",-81.425797,21.902267,NA,NA,NA,NA,NA,NA,-81.425797,21.902267
"1644","gbif2478",-65.248367,18.3311,NA,NA,NA,NA,NA,NA,-65.248367,18.3311
"1645","gbif2479",-71.110466,21.43845,NA,NA,NA,NA,NA,NA,-71.110466,21.43845
"1646","gbif248",-81.686283,12.584717,NA,NA,NA,NA,NA,NA,-81.686283,12.584717
"1647","gbif2480",-76.874031,18.374866,-76.8774909812692,18.3707152388385,-76.8475643637711,18.373471656169,2.80123325851896,3.1773464161235,-76.8475643637711,18.373471656169
"1648","gbif2481",-81.285583,21.8479,-81.3087079617919,21.8414227491664,-81.2483793295055,21.8414227491664,3.91220459364308,6.23656925870371,-81.2483793295055,21.8414227491664
"1649","gbif2482",-76.874031,18.374866,-76.8774909812692,18.3707152388385,-76.8475643637711,18.373471656169,2.80123325851896,3.1773464161235,-76.8475643637711,18.373471656169
"1650","gbif2483",-77.646202,24.29167,NA,NA,NA,NA,NA,NA,-77.646202,24.29167
"1651","gbif2484",-81.92717,21.595783,NA,NA,NA,NA,NA,NA,-81.92717,21.595783
"1652","gbif2485",-77.937828,25.063669,-77.9796848016266,25.0642250659524,-77.9144285978885,25.0426083734717,3.31929246221483,7.00663945943426,-77.9144285978885,25.0426083734717
"1653","gbif2486",-65.228485,18.299067,NA,NA,NA,NA,NA,NA,-65.228485,18.299067
"1654","gbif2487",-79.409164,21.07115,NA,NA,NA,NA,NA,NA,-79.409164,21.07115
"1655","gbif2488",-79.558151,21.217699,NA,NA,NA,NA,NA,NA,-79.558151,21.217699
"1656","gbif2489",-88.038086,17.35215,NA,NA,NA,NA,NA,NA,-88.038086,17.35215
"1657","gbif249",-81.686283,12.584717,NA,NA,NA,NA,NA,NA,-81.686283,12.584717
"1658","gbif2490",-78.991066,20.833683,NA,NA,NA,NA,NA,NA,-78.991066,20.833683
"1659","gbif2491",-79.019485,20.846001,NA,NA,NA,NA,NA,NA,-79.019485,20.846001
"1660","gbif2492",-77.858597,24.842171,NA,NA,NA,NA,NA,NA,-77.858597,24.842171
"1661","gbif2493",-77.38237,23.709669,NA,NA,NA,NA,NA,NA,-77.38237,23.709669
"1662","gbif2494",-74.470001,24.15,NA,NA,NA,NA,NA,NA,-74.470001,24.15
"1663","gbif2495",-77.38237,23.709669,NA,NA,NA,NA,NA,NA,-77.38237,23.709669
"1664","gbif2496",-79.207664,20.966749,NA,NA,NA,NA,NA,NA,-79.207664,20.966749
"1665","gbif2497",-77.861,24.844999,NA,NA,NA,NA,NA,NA,-77.861,24.844999
"1666","gbif2498",-77.38237,23.709669,NA,NA,NA,NA,NA,NA,-77.38237,23.709669
"1667","gbif2499",-77.770172,24.72917,-77.7820188029016,24.7192993682217,-77.7810705686238,24.7758429047796,5.28615131931617,6.2640192548897,-77.7810705686238,24.7758429047796
"1668","gbif25",-81.198064,24.79709,NA,NA,NA,NA,NA,NA,-81.198064,24.79709
"1669","gbif250",-81.686283,12.584717,NA,NA,NA,NA,NA,NA,-81.686283,12.584717
"1670","gbif2500",-87.426613,18.457966,NA,NA,NA,NA,NA,NA,-87.426613,18.457966
"1671","gbif2501",-81.957298,21.586367,NA,NA,NA,NA,NA,NA,-81.957298,21.586367
"1672","gbif2502",-77.807671,24.751329,-77.8110915000961,24.7483862432583,-77.7810705686238,24.7758429047796,3.82252174320534,4.2976284442484,-77.7810705686238,24.7758429047796
"1673","gbif2503",-81.876953,24.452066,NA,NA,NA,NA,NA,NA,-81.876953,24.452066
"1674","gbif2504",-79.091263,20.899683,NA,NA,NA,NA,NA,NA,-79.091263,20.899683
"1675","gbif2505",-77.652779,22.176945,NA,NA,NA,NA,NA,NA,-77.652779,22.176945
"1676","gbif2506",-77.683723,24.5448,NA,NA,NA,NA,NA,NA,-77.683723,24.5448
"1677","gbif2507",-76.97683,26.3575,NA,NA,NA,NA,NA,NA,-76.97683,26.3575
"1678","gbif2508",-77.698067,24.439501,NA,NA,NA,NA,NA,NA,-77.698067,24.439501
"1679","gbif2509",-81.247231,21.833334,NA,NA,NA,NA,NA,NA,-81.247231,21.833334
"1680","gbif251",-81.686283,12.584717,NA,NA,NA,NA,NA,NA,-81.686283,12.584717
"1681","gbif2510",-79.091263,20.899683,NA,NA,NA,NA,NA,NA,-79.091263,20.899683
"1682","gbif2511",-77.646202,24.29167,NA,NA,NA,NA,NA,NA,-77.646202,24.29167
"1683","gbif2512",-80.126663,23.1,NA,NA,NA,NA,NA,NA,-80.126663,23.1
"1684","gbif2513",-78.002899,25.160101,NA,NA,NA,NA,NA,NA,-78.002899,25.160101
"1685","gbif2514",-78.012581,18.457783,-78.0136067522523,18.4667927133692,-77.9811076125208,18.506854390515,6.36787866263645,5.6073773036097,-77.9811076125208,18.506854390515
"1686","gbif2515",-83.047997,12.19013,NA,NA,NA,NA,NA,NA,-83.047997,12.19013
"1687","gbif2516",-77.770172,24.72917,-77.7820188029016,24.7192993682217,-77.7810705686238,24.7758429047796,5.28615131931617,6.2640192548897,-77.7810705686238,24.7758429047796
"1688","gbif2517",-77.8563,24.84425,NA,NA,NA,NA,NA,NA,-77.8563,24.84425
"1689","gbif2518",-77.770172,24.72917,-77.7820188029016,24.7192993682217,-77.7810705686238,24.7758429047796,5.28615131931617,6.2640192548897,-77.7810705686238,24.7758429047796
"1690","gbif2519",-76.988503,26.397833,NA,NA,NA,NA,NA,NA,-76.988503,26.397833
"1691","gbif252",-81.731233,12.513133,NA,NA,NA,NA,NA,NA,-81.731233,12.513133
"1692","gbif2520",-66.895233,11.792334,NA,NA,NA,NA,NA,NA,-66.895233,11.792334
"1693","gbif2521",-77.629173,24.253151,NA,NA,NA,NA,NA,NA,-77.629173,24.253151
"1694","gbif2522",-78.085571,25.313219,NA,NA,NA,NA,NA,NA,-78.085571,25.313219
"1695","gbif2523",-79.971634,21.677134,NA,NA,NA,NA,NA,NA,-79.971634,21.677134
"1696","gbif2524",-77.983032,25.128851,NA,NA,NA,NA,NA,NA,-77.983032,25.128851
"1697","gbif2525",-77.861,24.844999,NA,NA,NA,NA,NA,NA,-77.861,24.844999
"1698","gbif2526",-77.537033,24.097931,-77.5637787323847,24.0913518378895,-77.5143545100944,24.1089292330493,2.60773285796534,5.38905128935586,-77.5143545100944,24.1089292330493
"1699","gbif2527",-77.376999,23.696501,NA,NA,NA,NA,NA,NA,-77.376999,23.696501
"1700","gbif2528",-65.248367,18.3311,NA,NA,NA,NA,NA,NA,-65.248367,18.3311
"1701","gbif2529",-77.693176,24.6259,NA,NA,NA,NA,NA,NA,-77.693176,24.6259
"1702","gbif253",-74.128361,11.325611,-74.137926965666,11.3594498584544,-74.137926965666,11.3594498584544,3.88604814449729,0,-74.137926965666,11.3594498584544
"1703","gbif2530",-77.743431,24.69953,-77.7678185908596,24.6926048181617,-77.7143915539915,24.7091515376065,3.12580817886443,5.70867593259974,-77.7143915539915,24.7091515376065
"1704","gbif2531",-65.248367,18.3311,NA,NA,NA,NA,NA,NA,-65.248367,18.3311
"1705","gbif2532",-81.957298,21.586367,NA,NA,NA,NA,NA,NA,-81.957298,21.586367
"1706","gbif2533",-77.647881,24.3013,NA,NA,NA,NA,NA,NA,-77.647881,24.3013
"1707","gbif2534",-79.409164,21.07115,NA,NA,NA,NA,NA,NA,-79.409164,21.07115
"1708","gbif2535",-77.983032,25.128851,NA,NA,NA,NA,NA,NA,-77.983032,25.128851
"1709","gbif2536",-78.085571,25.313219,NA,NA,NA,NA,NA,NA,-78.085571,25.313219
"1710","gbif2537",-81.07473,19.317633,NA,NA,NA,NA,NA,NA,-81.07473,19.317633
"1711","gbif2538",-80.218903,25.208883,NA,NA,NA,NA,NA,NA,-80.218903,25.208883
"1712","gbif2539",-77.646202,24.29167,NA,NA,NA,NA,NA,NA,-77.646202,24.29167
"1713","gbif254",-74.128361,11.325611,-74.137926965666,11.3594498584544,-74.137926965666,11.3594498584544,3.88604814449729,0,-74.137926965666,11.3594498584544
"1714","gbif2540",-81.180984,21.784901,NA,NA,NA,NA,NA,NA,-81.180984,21.784901
"1715","gbif2541",-79.145279,22.653334,NA,NA,NA,NA,NA,NA,-79.145279,22.653334
"1716","gbif2542",-79.199135,20.968517,NA,NA,NA,NA,NA,NA,-79.199135,20.968517
"1717","gbif2543",-77.860977,24.844931,NA,NA,NA,NA,NA,NA,-77.860977,24.844931
"1718","gbif2544",-77.698997,24.483999,NA,NA,NA,NA,NA,NA,-77.698997,24.483999
"1719","gbif2545",-80.0728,19.656866,NA,NA,NA,NA,NA,NA,-80.0728,19.656866
"1720","gbif2546",-77.770172,24.72917,-77.7820188029016,24.7192993682217,-77.7810705686238,24.7758429047796,5.28615131931617,6.2640192548897,-77.7810705686238,24.7758429047796
"1721","gbif2547",-81.146202,19.291267,NA,NA,NA,NA,NA,NA,-81.146202,19.291267
"1722","gbif2548",-77.629173,24.253151,NA,NA,NA,NA,NA,NA,-77.629173,24.253151
"1723","gbif2549",-87.980034,16.528667,NA,NA,NA,NA,NA,NA,-87.980034,16.528667
"1724","gbif255",-74.128361,11.325611,-74.137926965666,11.3594498584544,-74.137926965666,11.3594498584544,3.88604814449729,0,-74.137926965666,11.3594498584544
"1725","gbif2550",-77.770172,24.72917,-77.7820188029016,24.7192993682217,-77.7810705686238,24.7758429047796,5.28615131931617,6.2640192548897,-77.7810705686238,24.7758429047796
"1726","gbif2551",-81.247231,21.833334,NA,NA,NA,NA,NA,NA,-81.247231,21.833334
"1727","gbif2552",-79.430214,21.067783,NA,NA,NA,NA,NA,NA,-79.430214,21.067783
"1728","gbif2553",-88.059998,16.809999,NA,NA,NA,NA,NA,NA,-88.059998,16.809999
"1729","gbif2554",-78.902435,20.772367,NA,NA,NA,NA,NA,NA,-78.902435,20.772367
"1730","gbif2555",-83.047997,12.19013,NA,NA,NA,NA,NA,NA,-83.047997,12.19013
"1731","gbif2556",-79.430214,21.067783,NA,NA,NA,NA,NA,NA,-79.430214,21.067783
"1732","gbif2557",-78.085571,25.313219,NA,NA,NA,NA,NA,NA,-78.085571,25.313219
"1733","gbif2558",-77.465553,21.843334,-77.5131530864073,21.8414227491664,-77.4476754954621,21.8414227491664,1.86018058112082,6.76885112230064,-77.4476754954621,21.8414227491664
"1734","gbif2559",-81.681801,21.576967,NA,NA,NA,NA,NA,NA,-81.681801,21.576967
"1735","gbif256",-74.128361,11.325611,-74.137926965666,11.3594498584544,-74.137926965666,11.3594498584544,3.88604814449729,0,-74.137926965666,11.3594498584544
"1736","gbif2560",-79.467415,21.079517,NA,NA,NA,NA,NA,NA,-79.467415,21.079517
"1737","gbif2561",-77.426369,23.79092,NA,NA,NA,NA,NA,NA,-77.426369,23.79092
"1738","gbif2562",-78.002899,25.160101,NA,NA,NA,NA,NA,NA,-78.002899,25.160101
"1739","gbif2563",-65.314964,18.338083,-65.3120948323764,18.3112263801408,-65.3120948323764,18.373471656169,3.92868076660646,6.88955059508306,-65.3120948323764,18.373471656169
"1740","gbif2564",-77.698067,24.439501,NA,NA,NA,NA,NA,NA,-77.698067,24.439501
"1741","gbif2565",-77.937828,25.063669,-77.9796848016266,25.0642250659524,-77.9144285978885,25.0426083734717,3.31929246221483,7.00663945943426,-77.9144285978885,25.0426083734717
"1742","gbif2566",-81.479446,21.969482,NA,NA,NA,NA,NA,NA,-81.479446,21.969482
"1743","gbif2567",-82.317146,21.562784,NA,NA,NA,NA,NA,NA,-82.317146,21.562784
"1744","gbif2568",-63.228001,17.649666,-63.2414616532317,17.6398666172657,-63.1783663641415,17.6398666172657,5.37748218152161,6.69554053517968,-63.1783663641415,17.6398666172657
"1745","gbif2569",-77.860977,24.844931,NA,NA,NA,NA,NA,NA,-77.860977,24.844931
"1746","gbif257",-74.128361,11.325611,-74.137926965666,11.3594498584544,-74.137926965666,11.3594498584544,3.88604814449729,0,-74.137926965666,11.3594498584544
"1747","gbif2570",-87.746132,17.59425,NA,NA,NA,NA,NA,NA,-87.746132,17.59425
"1748","gbif2571",-87.426613,18.457966,NA,NA,NA,NA,NA,NA,-87.426613,18.457966
"1749","gbif2572",-77.426369,23.79092,NA,NA,NA,NA,NA,NA,-77.426369,23.79092
"1750","gbif2573",-81.405151,24.546074,NA,NA,NA,NA,NA,NA,-81.405151,24.546074
"1751","gbif2574",-81.519333,22.09885,NA,NA,NA,NA,NA,NA,-81.519333,22.09885
"1752","gbif2575",-81.822517,9.107567,-81.8189797717767,9.1118850475027,-81.7818114465642,9.10337161911821,4.49859028343895,4.19283034563314,-81.7818114465642,9.10337161911821
"1753","gbif2576",-78.040833,22.424999,NA,NA,NA,NA,NA,NA,-78.040833,22.424999
"1754","gbif2577",-76.950386,26.532284,NA,NA,NA,NA,NA,NA,-76.950386,26.532284
"1755","gbif2578",-77.38237,23.709669,NA,NA,NA,NA,NA,NA,-77.38237,23.709669
"1756","gbif2579",-79.409164,21.07115,NA,NA,NA,NA,NA,NA,-79.409164,21.07115
"1757","gbif258",-74.128611,11.329861,-74.1370501676457,11.3596875637681,-74.1370501676457,11.3596875637681,3.42549397535746,0,-74.1370501676457,11.3596875637681
"1758","gbif2580",-77.646202,24.29167,NA,NA,NA,NA,NA,NA,-77.646202,24.29167
"1759","gbif2581",-77.426369,23.79092,NA,NA,NA,NA,NA,NA,-77.426369,23.79092
"1760","gbif2582",-66.580452,11.778517,NA,NA,NA,NA,NA,NA,-66.580452,11.778517
"1761","gbif2583",-81.405151,24.546074,NA,NA,NA,NA,NA,NA,-81.405151,24.546074
"1762","gbif2584",-81.425797,21.902267,NA,NA,NA,NA,NA,NA,-81.425797,21.902267
"1763","gbif2585",-79.928131,21.656967,NA,NA,NA,NA,NA,NA,-79.928131,21.656967
"1764","gbif2586",-77.743431,24.69953,-77.7678185908596,24.6926048181617,-77.7143915539915,24.7091515376065,3.12580817886443,5.70867593259974,-77.7143915539915,24.7091515376065
"1765","gbif2587",-77.698067,24.439501,NA,NA,NA,NA,NA,NA,-77.698067,24.439501
"1766","gbif2588",-81.111313,24.625584,NA,NA,NA,NA,NA,NA,-81.111313,24.625584
"1767","gbif2589",-79.207664,20.966749,NA,NA,NA,NA,NA,NA,-79.207664,20.966749
"1768","gbif259",-74.128611,11.329861,-74.1370501676457,11.3596875637681,-74.1370501676457,11.3596875637681,3.42549397535746,0,-74.1370501676457,11.3596875637681
"1769","gbif2590",-66.884186,11.800233,NA,NA,NA,NA,NA,NA,-66.884186,11.800233
"1770","gbif2591",-77.647881,24.3013,NA,NA,NA,NA,NA,NA,-77.647881,24.3013
"1771","gbif2592",-77.937828,25.063669,-77.9796848016266,25.0642250659524,-77.9144285978885,25.0426083734717,3.31929246221483,7.00663945943426,-77.9144285978885,25.0426083734717
"1772","gbif2593",-65.228485,18.299067,NA,NA,NA,NA,NA,NA,-65.228485,18.299067
"1773","gbif2594",-81.197563,21.804667,NA,NA,NA,NA,NA,NA,-81.197563,21.804667
"1774","gbif2595",-80.0728,19.656866,NA,NA,NA,NA,NA,NA,-80.0728,19.656866
"1775","gbif2596",-77.646202,24.29167,NA,NA,NA,NA,NA,NA,-77.646202,24.29167
"1776","gbif2597",-77.937828,25.063669,-77.9796848016266,25.0642250659524,-77.9144285978885,25.0426083734717,3.31929246221483,7.00663945943426,-77.9144285978885,25.0426083734717
"1777","gbif2598",-81.681801,21.576967,NA,NA,NA,NA,NA,NA,-81.681801,21.576967
"1778","gbif2599",-76.988503,26.397833,NA,NA,NA,NA,NA,NA,-76.988503,26.397833
"1779","gbif26",-64.733188,18.366161,-64.7496718393905,18.373471656169,-64.7496718393905,18.373471656169,1.920798937124,0,-64.7496718393905,18.373471656169
"1780","gbif260",-74.128361,11.325611,-74.137926965666,11.3594498584544,-74.137926965666,11.3594498584544,3.88604814449729,0,-74.137926965666,11.3594498584544
"1781","gbif2600",-77.646202,24.29167,NA,NA,NA,NA,NA,NA,-77.646202,24.29167
"1782","gbif2601",-79.019485,20.846001,NA,NA,NA,NA,NA,NA,-79.019485,20.846001
"1783","gbif2602",-80.218903,25.208883,NA,NA,NA,NA,NA,NA,-80.218903,25.208883
"1784","gbif2603",-77.419022,23.778219,NA,NA,NA,NA,NA,NA,-77.419022,23.778219
"1785","gbif2604",-74.470001,24.15,NA,NA,NA,NA,NA,NA,-74.470001,24.15
"1786","gbif2605",-77.861,24.844999,NA,NA,NA,NA,NA,NA,-77.861,24.844999
"1787","gbif2606",-77.65638,24.3069,NA,NA,NA,NA,NA,NA,-77.65638,24.3069
"1788","gbif2607",-81.515869,22.021616,NA,NA,NA,NA,NA,NA,-81.515869,22.021616
"1789","gbif2608",-79.869781,19.682217,NA,NA,NA,NA,NA,NA,-79.869781,19.682217
"1790","gbif2609",-87.299103,20.40765,-87.3143386782219,20.4114746515275,-87.3161696610483,20.3742126713598,4.10818179379925,4.12966084854752,-87.3161696610483,20.3742126713598
"1791","gbif261",-74.128611,11.329861,-74.1370501676457,11.3596875637681,-74.1370501676457,11.3596875637681,3.42549397535746,0,-74.1370501676457,11.3596875637681
"1792","gbif2610",-77.419022,23.778219,NA,NA,NA,NA,NA,NA,-77.419022,23.778219
"1793","gbif2611",-74.540001,23.950001,-74.514568224885,23.9755464987032,-74.5804778662715,23.9755464987032,4.99776850253307,6.70769270674922,-74.5804778662715,23.9755464987032
"1794","gbif2612",-77.743431,24.69953,-77.7678185908596,24.6926048181617,-77.7143915539915,24.7091515376065,3.12580817886443,5.70867593259974,-77.7143915539915,24.7091515376065
"1795","gbif2613",-77.426369,23.79092,NA,NA,NA,NA,NA,NA,-77.426369,23.79092
"1796","gbif2614",-77.807671,24.751329,-77.8110915000961,24.7483862432583,-77.7810705686238,24.7758429047796,3.82252174320534,4.2976284442484,-77.7810705686238,24.7758429047796
"1797","gbif2615",-74.540001,23.950001,-74.514568224885,23.9755464987032,-74.5804778662715,23.9755464987032,4.99776850253307,6.70769270674922,-74.5804778662715,23.9755464987032
"1798","gbif2616",-78.002899,25.160101,NA,NA,NA,NA,NA,NA,-78.002899,25.160101
"1799","gbif2617",-77.426369,23.79092,NA,NA,NA,NA,NA,NA,-77.426369,23.79092
"1800","gbif2618",-77.602501,22.024723,NA,NA,NA,NA,NA,NA,-77.602501,22.024723
"1801","gbif2619",-77.807671,24.751329,-77.8110915000961,24.7483862432583,-77.7810705686238,24.7758429047796,3.82252174320534,4.2976284442484,-77.7810705686238,24.7758429047796
"1802","gbif262",-74.128361,11.325611,-74.137926965666,11.3594498584544,-74.137926965666,11.3594498584544,3.88604814449729,0,-74.137926965666,11.3594498584544
"1803","gbif2620",-87.333969,18.753532,NA,NA,NA,NA,NA,NA,-87.333969,18.753532
"1804","gbif2621",-66.895233,11.792334,NA,NA,NA,NA,NA,NA,-66.895233,11.792334
"1805","gbif2622",-77.937828,25.063669,-77.9796848016266,25.0642250659524,-77.9144285978885,25.0426083734717,3.31929246221483,7.00663945943426,-77.9144285978885,25.0426083734717
"1806","gbif2623",-78.085571,25.313219,NA,NA,NA,NA,NA,NA,-78.085571,25.313219
"1807","gbif2624",-87.53611,19.145834,-87.5813143112827,19.1467659752897,-87.5162067049453,19.1737680622453,3.73423179248317,7.47252436571797,-87.5162067049453,19.1737680622453
"1808","gbif2625",-77.602501,22.024723,NA,NA,NA,NA,NA,NA,-77.602501,22.024723
"1809","gbif2626",-77.465553,21.843334,-77.5131530864073,21.8414227491664,-77.4476754954621,21.8414227491664,1.86018058112082,6.76885112230064,-77.4476754954621,21.8414227491664
"1810","gbif2627",-82.969398,12.29153,NA,NA,NA,NA,NA,NA,-82.969398,12.29153
"1811","gbif2628",-79.091263,20.899683,NA,NA,NA,NA,NA,NA,-79.091263,20.899683
"1812","gbif2629",-78.12722,22.4825,NA,NA,NA,NA,NA,NA,-78.12722,22.4825
"1813","gbif263",-74.128361,11.325611,-74.137926965666,11.3594498584544,-74.137926965666,11.3594498584544,3.88604814449729,0,-74.137926965666,11.3594498584544
"1814","gbif2630",-80.126663,23.1,NA,NA,NA,NA,NA,NA,-80.126663,23.1
"1815","gbif2631",-81.180984,21.784901,NA,NA,NA,NA,NA,NA,-81.180984,21.784901
"1816","gbif2632",-78.002899,25.160101,NA,NA,NA,NA,NA,NA,-78.002899,25.160101
"1817","gbif2633",-71.113632,21.4589,NA,NA,NA,NA,NA,NA,-71.113632,21.4589
"1818","gbif2634",-87.447777,19.825001,NA,NA,NA,NA,NA,NA,-87.447777,19.825001
"1819","gbif2635",-78.002899,25.160101,NA,NA,NA,NA,NA,NA,-78.002899,25.160101
"1820","gbif2636",-77.683723,24.5448,NA,NA,NA,NA,NA,NA,-77.683723,24.5448
"1821","gbif2637",-81.425797,21.902267,NA,NA,NA,NA,NA,NA,-81.425797,21.902267
"1822","gbif2638",-77.983032,25.128851,NA,NA,NA,NA,NA,NA,-77.983032,25.128851
"1823","gbif2639",-81.197563,21.804667,NA,NA,NA,NA,NA,NA,-81.197563,21.804667
"1824","gbif264",-74.128611,11.329861,-74.1370501676457,11.3596875637681,-74.1370501676457,11.3596875637681,3.42549397535746,0,-74.1370501676457,11.3596875637681
"1825","gbif2640",-81.180984,21.784901,NA,NA,NA,NA,NA,NA,-81.180984,21.784901
"1826","gbif2641",-77.670677,24.343149,NA,NA,NA,NA,NA,NA,-77.670677,24.343149
"1827","gbif2642",-77.647881,24.3013,NA,NA,NA,NA,NA,NA,-77.647881,24.3013
"1828","gbif2643",-78.034332,25.223921,NA,NA,NA,NA,NA,NA,-78.034332,25.223921
"1829","gbif2644",-81.07473,19.317633,NA,NA,NA,NA,NA,NA,-81.07473,19.317633
"1830","gbif2645",-81.417519,21.891001,NA,NA,NA,NA,NA,NA,-81.417519,21.891001
"1831","gbif2646",-77.376999,23.696501,NA,NA,NA,NA,NA,NA,-77.376999,23.696501
"1832","gbif2647",-80.218903,25.208883,NA,NA,NA,NA,NA,NA,-80.218903,25.208883
"1833","gbif2648",-78.164169,18.1735,NA,NA,NA,NA,NA,NA,-78.164169,18.1735
"1834","gbif2649",-81.515869,22.021616,NA,NA,NA,NA,NA,NA,-81.515869,22.021616
"1835","gbif265",-76.207639,9.380111,NA,NA,NA,NA,NA,NA,-76.207639,9.380111
"1836","gbif2650",-81.46685,21.960484,NA,NA,NA,NA,NA,NA,-81.46685,21.960484
"1837","gbif2651",-77.65638,24.3069,NA,NA,NA,NA,NA,NA,-77.65638,24.3069
"1838","gbif2652",-65.314964,18.338083,-65.3120948323764,18.3112263801408,-65.3120948323764,18.373471656169,3.92868076660646,6.88955059508306,-65.3120948323764,18.373471656169
"1839","gbif2653",-77.629173,24.253151,NA,NA,NA,NA,NA,NA,-77.629173,24.253151
"1840","gbif2654",-80.212776,23.151112,NA,NA,NA,NA,NA,NA,-80.212776,23.151112
"1841","gbif2655",-78.902496,22.693611,NA,NA,NA,NA,NA,NA,-78.902496,22.693611
"1842","gbif2656",-77.426369,23.79092,NA,NA,NA,NA,NA,NA,-77.426369,23.79092
"1843","gbif2657",-81.822517,9.107567,-81.8189797717767,9.1118850475027,-81.7818114465642,9.10337161911821,4.49859028343895,4.19283034563314,-81.7818114465642,9.10337161911821
"1844","gbif2658",-78.085571,25.313219,NA,NA,NA,NA,NA,NA,-78.085571,25.313219
"1845","gbif2659",-81.180984,21.784901,NA,NA,NA,NA,NA,NA,-81.180984,21.784901
"1846","gbif266",-74.128611,11.329861,-74.1370501676457,11.3596875637681,-74.1370501676457,11.3596875637681,3.42549397535746,0,-74.1370501676457,11.3596875637681
"1847","gbif2660",-78.085571,25.313219,NA,NA,NA,NA,NA,NA,-78.085571,25.313219
"1848","gbif2661",-77.861,24.844999,NA,NA,NA,NA,NA,NA,-77.861,24.844999
"1849","gbif2662",-77.38237,23.709669,NA,NA,NA,NA,NA,NA,-77.38237,23.709669
"1850","gbif2663",-78.280998,20.6061,NA,NA,NA,NA,NA,NA,-78.280998,20.6061
"1851","gbif2664",-77.629173,24.253151,NA,NA,NA,NA,NA,NA,-77.629173,24.253151
"1852","gbif2665",-77.937828,25.063669,-77.9796848016266,25.0642250659524,-77.9144285978885,25.0426083734717,3.31929246221483,7.00663945943426,-77.9144285978885,25.0426083734717
"1853","gbif2666",-77.537033,24.097931,-77.5637787323847,24.0913518378895,-77.5143545100944,24.1089292330493,2.60773285796534,5.38905128935586,-77.5143545100944,24.1089292330493
"1854","gbif2667",-77.419022,23.778219,NA,NA,NA,NA,NA,NA,-77.419022,23.778219
"1855","gbif2668",-87.299103,20.40765,-87.3143386782219,20.4114746515275,-87.3161696610483,20.3742126713598,4.10818179379925,4.12966084854752,-87.3161696610483,20.3742126713598
"1856","gbif2669",-77.807671,24.751329,-77.8110915000961,24.7483862432583,-77.7810705686238,24.7758429047796,3.82252174320534,4.2976284442484,-77.7810705686238,24.7758429047796
"1857","gbif267",-74.128611,11.329861,-74.1370501676457,11.3596875637681,-74.1370501676457,11.3596875637681,3.42549397535746,0,-74.1370501676457,11.3596875637681
"1858","gbif2670",-77.38237,23.709669,NA,NA,NA,NA,NA,NA,-77.38237,23.709669
"1859","gbif2671",-88.059998,16.809999,NA,NA,NA,NA,NA,NA,-88.059998,16.809999
"1860","gbif2672",-78.002899,25.160101,NA,NA,NA,NA,NA,NA,-78.002899,25.160101
"1861","gbif2673",-77.693176,24.6259,NA,NA,NA,NA,NA,NA,-77.693176,24.6259
"1862","gbif2674",-81.077934,19.343901,NA,NA,NA,NA,NA,NA,-81.077934,19.343901
"1863","gbif2675",-81.92717,21.595783,NA,NA,NA,NA,NA,NA,-81.92717,21.595783
"1864","gbif2676",-77.954216,18.456583,-77.9685925354795,18.4778245691165,-77.9685925354795,18.4778245691165,2.79885007420087,0,-77.9685925354795,18.4778245691165
"1865","gbif2677",-77.983032,25.128851,NA,NA,NA,NA,NA,NA,-77.983032,25.128851
"1866","gbif2678",-76.8032,18.318466,-76.8078125425649,18.3136721753972,-76.7808853491387,18.3067802889959,2.69033842812956,2.94712658400154,-76.7808853491387,18.3067802889959
"1867","gbif2679",-77.426369,23.79092,NA,NA,NA,NA,NA,NA,-77.426369,23.79092
"1868","gbif268",-74.128611,11.329861,-74.1370501676457,11.3596875637681,-74.1370501676457,11.3596875637681,3.42549397535746,0,-74.1370501676457,11.3596875637681
"1869","gbif2680",-77.670677,24.343149,NA,NA,NA,NA,NA,NA,-77.670677,24.343149
"1870","gbif2681",-78.085571,25.313219,NA,NA,NA,NA,NA,NA,-78.085571,25.313219
"1871","gbif2682",-81.285583,21.8479,-81.3087079617919,21.8414227491664,-81.2483793295055,21.8414227491664,3.91220459364308,6.23656925870371,-81.2483793295055,21.8414227491664
"1872","gbif2683",-87.287849,18.566816,NA,NA,NA,NA,NA,NA,-87.287849,18.566816
"1873","gbif2684",-81.681801,21.576967,NA,NA,NA,NA,NA,NA,-81.681801,21.576967
"1874","gbif2685",-81.430435,21.912434,NA,NA,NA,NA,NA,NA,-81.430435,21.912434
"1875","gbif2686",-87.699867,16.914351,NA,NA,NA,NA,NA,NA,-87.699867,16.914351
"1876","gbif2687",-79.145279,22.653334,NA,NA,NA,NA,NA,NA,-79.145279,22.653334
"1877","gbif2688",-81.519333,22.09885,NA,NA,NA,NA,NA,NA,-81.519333,22.09885
"1878","gbif2689",-87.940002,17.92,NA,NA,NA,NA,NA,NA,-87.940002,17.92
"1879","gbif269",-74.128611,11.329861,-74.1370501676457,11.3596875637681,-74.1370501676457,11.3596875637681,3.42549397535746,0,-74.1370501676457,11.3596875637681
"1880","gbif2690",-81.519333,22.09885,NA,NA,NA,NA,NA,NA,-81.519333,22.09885
"1881","gbif2691",-77.691002,24.630671,NA,NA,NA,NA,NA,NA,-77.691002,24.630671
"1882","gbif2692",-76.988464,26.397783,NA,NA,NA,NA,NA,NA,-76.988464,26.397783
"1883","gbif2693",-82.782753,21.451134,NA,NA,NA,NA,NA,NA,-82.782753,21.451134
"1884","gbif2694",-87.800682,16.909634,NA,NA,NA,NA,NA,NA,-87.800682,16.909634
"1885","gbif2695",-66.723,11.881133,NA,NA,NA,NA,NA,NA,-66.723,11.881133
"1886","gbif2696",-78.085571,25.313219,NA,NA,NA,NA,NA,NA,-78.085571,25.313219
"1887","gbif2697",-81.417519,21.891001,NA,NA,NA,NA,NA,NA,-81.417519,21.891001
"1888","gbif2698",-81.515869,22.021616,NA,NA,NA,NA,NA,NA,-81.515869,22.021616
"1889","gbif2699",-76.946167,26.540333,NA,NA,NA,NA,NA,NA,-76.946167,26.540333
"1890","gbif27",-81.165837,24.604567,NA,NA,NA,NA,NA,NA,-81.165837,24.604567
"1891","gbif270",-74.128611,11.329861,-74.1370501676457,11.3596875637681,-74.1370501676457,11.3596875637681,3.42549397535746,0,-74.1370501676457,11.3596875637681
"1892","gbif2700",-66.705765,11.766367,NA,NA,NA,NA,NA,NA,-66.705765,11.766367
"1893","gbif2701",-77.693176,24.6259,NA,NA,NA,NA,NA,NA,-77.693176,24.6259
"1894","gbif2702",-77.602501,22.024723,NA,NA,NA,NA,NA,NA,-77.602501,22.024723
"1895","gbif2703",-81.92717,21.595783,NA,NA,NA,NA,NA,NA,-81.92717,21.595783
"1896","gbif2704",-77.770172,24.72917,-77.7820188029016,24.7192993682217,-77.7810705686238,24.7758429047796,5.28615131931617,6.2640192548897,-77.7810705686238,24.7758429047796
"1897","gbif2705",-81.425797,21.902267,NA,NA,NA,NA,NA,NA,-81.425797,21.902267
"1898","gbif2706",-78.085571,25.313219,NA,NA,NA,NA,NA,NA,-78.085571,25.313219
"1899","gbif2707",-77.647881,24.3013,NA,NA,NA,NA,NA,NA,-77.647881,24.3013
"1900","gbif2708",-79.755836,22.946667,NA,NA,NA,NA,NA,NA,-79.755836,22.946667
"1901","gbif2709",-81.635834,21.580917,NA,NA,NA,NA,NA,NA,-81.635834,21.580917
"1902","gbif271",-74.128361,11.325611,-74.137926965666,11.3594498584544,-74.137926965666,11.3594498584544,3.88604814449729,0,-74.137926965666,11.3594498584544
"1903","gbif2710",-74.459999,24.16,NA,NA,NA,NA,NA,NA,-74.459999,24.16
"1904","gbif2711",-76.950386,26.532284,NA,NA,NA,NA,NA,NA,-76.950386,26.532284
"1905","gbif2712",-77.419022,23.778219,NA,NA,NA,NA,NA,NA,-77.419022,23.778219
"1906","gbif2713",-71.113632,21.4589,NA,NA,NA,NA,NA,NA,-71.113632,21.4589
"1907","gbif2714",-77.698067,24.439501,NA,NA,NA,NA,NA,NA,-77.698067,24.439501
"1908","gbif2715",-77.647881,24.3013,NA,NA,NA,NA,NA,NA,-77.647881,24.3013
"1909","gbif2716",-81.430435,21.912434,NA,NA,NA,NA,NA,NA,-81.430435,21.912434
"1910","gbif2717",-77.858597,24.842171,NA,NA,NA,NA,NA,NA,-77.858597,24.842171
"1911","gbif2718",-78.085571,25.313219,NA,NA,NA,NA,NA,NA,-78.085571,25.313219
"1912","gbif2719",-79.409164,21.07115,NA,NA,NA,NA,NA,NA,-79.409164,21.07115
"1913","gbif272",-74.128361,11.325611,-74.137926965666,11.3594498584544,-74.137926965666,11.3594498584544,3.88604814449729,0,-74.137926965666,11.3594498584544
"1914","gbif2720",-81.247231,21.833334,NA,NA,NA,NA,NA,NA,-81.247231,21.833334
"1915","gbif2721",-77.358131,18.463051,-77.3596514970282,18.4802240407351,-77.3596514970282,18.4802240407351,1.90757714924747,0,-77.3596514970282,18.4802240407351
"1916","gbif2722",-66.723,11.881133,NA,NA,NA,NA,NA,NA,-66.723,11.881133
"1917","gbif2723",-77.376999,23.696501,NA,NA,NA,NA,NA,NA,-77.376999,23.696501
"1918","gbif2724",-82.9804,12.31568,NA,NA,NA,NA,NA,NA,-82.9804,12.31568
"1919","gbif2725",-77.537033,24.097931,-77.5637787323847,24.0913518378895,-77.5143545100944,24.1089292330493,2.60773285796534,5.38905128935586,-77.5143545100944,24.1089292330493
"1920","gbif2726",-81.105301,19.292749,NA,NA,NA,NA,NA,NA,-81.105301,19.292749
"1921","gbif2727",-78.002899,25.160101,NA,NA,NA,NA,NA,NA,-78.002899,25.160101
"1922","gbif2728",-77.770172,24.72917,-77.7820188029016,24.7192993682217,-77.7810705686238,24.7758429047796,5.28615131931617,6.2640192548897,-77.7810705686238,24.7758429047796
"1923","gbif2729",-71.113632,21.4589,NA,NA,NA,NA,NA,NA,-71.113632,21.4589
"1924","gbif273",-74.128361,11.325611,-74.137926965666,11.3594498584544,-74.137926965666,11.3594498584544,3.88604814449729,0,-74.137926965666,11.3594498584544
"1925","gbif2730",-79.103485,20.901316,NA,NA,NA,NA,NA,NA,-79.103485,20.901316
"1926","gbif2731",-81.430435,21.912434,NA,NA,NA,NA,NA,NA,-81.430435,21.912434
"1927","gbif2732",-77.537033,24.097931,-77.5637787323847,24.0913518378895,-77.5143545100944,24.1089292330493,2.60773285796534,5.38905128935586,-77.5143545100944,24.1089292330493
"1928","gbif2733",-78.085571,25.313219,NA,NA,NA,NA,NA,NA,-78.085571,25.313219
"1929","gbif2734",-82.324165,9.423317,NA,NA,NA,NA,NA,NA,-82.324165,9.423317
"1930","gbif2735",-77.652779,22.176945,NA,NA,NA,NA,NA,NA,-77.652779,22.176945
"1931","gbif2736",-88.139999,16.76,NA,NA,NA,NA,NA,NA,-88.139999,16.76
"1932","gbif2737",-80.022903,19.830517,NA,NA,NA,NA,NA,NA,-80.022903,19.830517
"1933","gbif2738",-81.417519,21.891001,NA,NA,NA,NA,NA,NA,-81.417519,21.891001
"1934","gbif2739",-81.180984,21.784901,NA,NA,NA,NA,NA,NA,-81.180984,21.784901
"1935","gbif274",-74.128361,11.325611,-74.137926965666,11.3594498584544,-74.137926965666,11.3594498584544,3.88604814449729,0,-74.137926965666,11.3594498584544
"1936","gbif2740",-81.417519,21.891001,NA,NA,NA,NA,NA,NA,-81.417519,21.891001
"1937","gbif2741",-78.991066,20.833683,NA,NA,NA,NA,NA,NA,-78.991066,20.833683
"1938","gbif2742",-77.629173,24.253151,NA,NA,NA,NA,NA,NA,-77.629173,24.253151
"1939","gbif2743",-77.65638,24.3069,NA,NA,NA,NA,NA,NA,-77.65638,24.3069
"1940","gbif2744",-78.085571,25.313219,NA,NA,NA,NA,NA,NA,-78.085571,25.313219
"1941","gbif2745",-77.419022,23.778219,NA,NA,NA,NA,NA,NA,-77.419022,23.778219
"1942","gbif2746",-77.537033,24.097931,-77.5637787323847,24.0913518378895,-77.5143545100944,24.1089292330493,2.60773285796534,5.38905128935586,-77.5143545100944,24.1089292330493
"1943","gbif2747",-79.430214,21.067783,NA,NA,NA,NA,NA,NA,-79.430214,21.067783
"1944","gbif2748",-77.652779,22.176945,NA,NA,NA,NA,NA,NA,-77.652779,22.176945
"1945","gbif2749",-87.410469,18.408817,NA,NA,NA,NA,NA,NA,-87.410469,18.408817
"1946","gbif275",-74.128361,11.325611,-74.137926965666,11.3594498584544,-74.137926965666,11.3594498584544,3.88604814449729,0,-74.137926965666,11.3594498584544
"1947","gbif2750",-88.038086,17.35215,NA,NA,NA,NA,NA,NA,-88.038086,17.35215
"1948","gbif2751",-76.988503,26.397833,NA,NA,NA,NA,NA,NA,-76.988503,26.397833
"1949","gbif2752",-76.988503,26.397833,NA,NA,NA,NA,NA,NA,-76.988503,26.397833
"1950","gbif2753",-71.113632,21.4589,NA,NA,NA,NA,NA,NA,-71.113632,21.4589
"1951","gbif2754",-87.980034,16.528667,NA,NA,NA,NA,NA,NA,-87.980034,16.528667
"1952","gbif2755",-79.199135,20.968517,NA,NA,NA,NA,NA,NA,-79.199135,20.968517
"1953","gbif2756",-77.698067,24.439501,NA,NA,NA,NA,NA,NA,-77.698067,24.439501
"1954","gbif2757",-87.82972,18.210833,NA,NA,NA,NA,NA,NA,-87.82972,18.210833
"1955","gbif2758",-66.580452,11.778517,NA,NA,NA,NA,NA,NA,-66.580452,11.778517
"1956","gbif2759",-81.197563,21.804667,NA,NA,NA,NA,NA,NA,-81.197563,21.804667
"1957","gbif276",-74.128611,11.329861,-74.1370501676457,11.3596875637681,-74.1370501676457,11.3596875637681,3.42549397535746,0,-74.1370501676457,11.3596875637681
"1958","gbif2760",-66.622665,11.954284,NA,NA,NA,NA,NA,NA,-66.622665,11.954284
"1959","gbif2761",-76.988503,26.397833,NA,NA,NA,NA,NA,NA,-76.988503,26.397833
"1960","gbif2762",-71.110466,21.43845,NA,NA,NA,NA,NA,NA,-71.110466,21.43845
"1961","gbif2763",-77.376999,23.696501,NA,NA,NA,NA,NA,NA,-77.376999,23.696501
"1962","gbif2764",-79.88282,19.680733,NA,NA,NA,NA,NA,NA,-79.88282,19.680733
"1963","gbif2765",-66.705765,11.766367,NA,NA,NA,NA,NA,NA,-66.705765,11.766367
"1964","gbif2766",-77.743431,24.69953,-77.7678185908596,24.6926048181617,-77.7143915539915,24.7091515376065,3.12580817886443,5.70867593259974,-77.7143915539915,24.7091515376065
"1965","gbif2767",-87.410469,18.408817,NA,NA,NA,NA,NA,NA,-87.410469,18.408817
"1966","gbif2768",-78.002899,25.160101,NA,NA,NA,NA,NA,NA,-78.002899,25.160101
"1967","gbif2769",-78.085571,25.313219,NA,NA,NA,NA,NA,NA,-78.085571,25.313219
"1968","gbif277",-74.128611,11.329861,-74.1370501676457,11.3596875637681,-74.1370501676457,11.3596875637681,3.42549397535746,0,-74.1370501676457,11.3596875637681
"1969","gbif2770",-77.426369,23.79092,NA,NA,NA,NA,NA,NA,-77.426369,23.79092
"1970","gbif2771",-77.698067,24.439501,NA,NA,NA,NA,NA,NA,-77.698067,24.439501
"1971","gbif2772",-78.002899,25.160101,NA,NA,NA,NA,NA,NA,-78.002899,25.160101
"1972","gbif2773",-77.647881,24.3013,NA,NA,NA,NA,NA,NA,-77.647881,24.3013
"1973","gbif2774",-77.8563,24.84425,NA,NA,NA,NA,NA,NA,-77.8563,24.84425
"1974","gbif2775",-79.971634,21.677134,NA,NA,NA,NA,NA,NA,-79.971634,21.677134
"1975","gbif2776",-77.770172,24.72917,-77.7820188029016,24.7192993682217,-77.7810705686238,24.7758429047796,5.28615131931617,6.2640192548897,-77.7810705686238,24.7758429047796
"1976","gbif2777",-79.145279,22.653334,NA,NA,NA,NA,NA,NA,-79.145279,22.653334
"1977","gbif2778",-80.301498,25.11875,NA,NA,NA,NA,NA,NA,-80.301498,25.11875
"1978","gbif2779",-66.592453,11.910633,NA,NA,NA,NA,NA,NA,-66.592453,11.910633
"1979","gbif278",-74.128611,11.329861,-74.1370501676457,11.3596875637681,-74.1370501676457,11.3596875637681,3.42549397535746,0,-74.1370501676457,11.3596875637681
"1980","gbif2780",-78.693054,22.626667,NA,NA,NA,NA,NA,NA,-78.693054,22.626667
"1981","gbif2781",-76.8032,18.318466,-76.8078125425649,18.3136721753972,-76.7808853491387,18.3067802889959,2.69033842812956,2.94712658400154,-76.7808853491387,18.3067802889959
"1982","gbif2782",-66.723,11.881133,NA,NA,NA,NA,NA,NA,-66.723,11.881133
"1983","gbif2783",-65.314964,18.338083,-65.3120948323764,18.3112263801408,-65.3120948323764,18.373471656169,3.92868076660646,6.88955059508306,-65.3120948323764,18.373471656169
"1984","gbif2784",-76.959,26.577499,NA,NA,NA,NA,NA,NA,-76.959,26.577499
"1985","gbif2785",-77.698997,24.483999,NA,NA,NA,NA,NA,NA,-77.698997,24.483999
"1986","gbif2786",-77.68235,24.367029,NA,NA,NA,NA,NA,NA,-77.68235,24.367029
"1987","gbif2787",-82.304085,21.560801,NA,NA,NA,NA,NA,NA,-82.304085,21.560801
"1988","gbif2788",-74.540001,23.950001,-74.514568224885,23.9755464987032,-74.5804778662715,23.9755464987032,4.99776850253307,6.70769270674922,-74.5804778662715,23.9755464987032
"1989","gbif2789",-81.247231,21.833334,NA,NA,NA,NA,NA,NA,-81.247231,21.833334
"1990","gbif279",-77.358722,8.662139,-77.3514981860722,8.66964877645336,-77.3809964808298,8.70322341608004,5.16292065713484,4.93223780172266,-77.3809964808298,8.70322341608004
"1991","gbif2790",-80.022903,19.830517,NA,NA,NA,NA,NA,NA,-80.022903,19.830517
"1992","gbif2791",-81.105301,19.292749,NA,NA,NA,NA,NA,NA,-81.105301,19.292749
"1993","gbif2792",-78.870201,9.5602,NA,NA,NA,NA,NA,NA,-78.870201,9.5602
"1994","gbif2793",-79.430214,21.067783,NA,NA,NA,NA,NA,NA,-79.430214,21.067783
"1995","gbif2794",-77.983032,25.128851,NA,NA,NA,NA,NA,NA,-77.983032,25.128851
"1996","gbif2795",-78.085571,25.313219,NA,NA,NA,NA,NA,NA,-78.085571,25.313219
"1997","gbif2796",-77.770172,24.72917,-77.7820188029016,24.7192993682217,-77.7810705686238,24.7758429047796,5.28615131931617,6.2640192548897,-77.7810705686238,24.7758429047796
"1998","gbif2797",-77.698067,24.439501,NA,NA,NA,NA,NA,NA,-77.698067,24.439501
"1999","gbif2798",-87.316513,18.510616,NA,NA,NA,NA,NA,NA,-87.316513,18.510616
"2000","gbif2799",-77.698997,24.483999,NA,NA,NA,NA,NA,NA,-77.698997,24.483999
"2001","gbif28",-88.112284,16.512957,NA,NA,NA,NA,NA,NA,-88.112284,16.512957
"2002","gbif280",-74.128611,11.329861,-74.1370501676457,11.3596875637681,-74.1370501676457,11.3596875637681,3.42549397535746,0,-74.1370501676457,11.3596875637681
"2003","gbif2800",-82.371284,21.536434,NA,NA,NA,NA,NA,NA,-82.371284,21.536434
"2004","gbif2801",-77.861,24.844999,NA,NA,NA,NA,NA,NA,-77.861,24.844999
"2005","gbif2802",-88.080002,16.780001,NA,NA,NA,NA,NA,NA,-88.080002,16.780001
"2006","gbif2803",-82.371284,21.536434,NA,NA,NA,NA,NA,NA,-82.371284,21.536434
"2007","gbif2804",-65.572502,18.377733,NA,NA,NA,NA,NA,NA,-65.572502,18.377733
"2008","gbif2805",-81.285583,21.8479,-81.3087079617919,21.8414227491664,-81.2483793295055,21.8414227491664,3.91220459364308,6.23656925870371,-81.2483793295055,21.8414227491664
"2009","gbif2806",-66.723,11.881133,NA,NA,NA,NA,NA,NA,-66.723,11.881133
"2010","gbif2807",-79.019485,20.846001,NA,NA,NA,NA,NA,NA,-79.019485,20.846001
"2011","gbif2808",-80.301498,25.11875,NA,NA,NA,NA,NA,NA,-80.301498,25.11875
"2012","gbif2809",-78.034332,25.223921,NA,NA,NA,NA,NA,NA,-78.034332,25.223921
"2013","gbif281",-74.128611,11.329861,-74.1370501676457,11.3596875637681,-74.1370501676457,11.3596875637681,3.42549397535746,0,-74.1370501676457,11.3596875637681
"2014","gbif2810",-78.034332,25.223921,NA,NA,NA,NA,NA,NA,-78.034332,25.223921
"2015","gbif2811",-81.077934,19.343901,NA,NA,NA,NA,NA,NA,-81.077934,19.343901
"2016","gbif2812",-77.629173,24.253151,NA,NA,NA,NA,NA,NA,-77.629173,24.253151
"2017","gbif2813",-77.861,24.844999,NA,NA,NA,NA,NA,NA,-77.861,24.844999
"2018","gbif2814",-77.858597,24.842171,NA,NA,NA,NA,NA,NA,-77.858597,24.842171
"2019","gbif2815",-66.723,11.881133,NA,NA,NA,NA,NA,NA,-66.723,11.881133
"2020","gbif2816",-81.07473,19.317633,NA,NA,NA,NA,NA,NA,-81.07473,19.317633
"2021","gbif2817",-77.921669,18.50585,-77.9221113855145,18.5064962105404,-77.9811076125208,18.506854390515,6.27762152035762,6.23003623663994,-77.9811076125208,18.506854390515
"2022","gbif2818",-87.316513,18.510616,NA,NA,NA,NA,NA,NA,-87.316513,18.510616
"2023","gbif2819",-78.354134,18.31255,NA,NA,NA,NA,NA,NA,-78.354134,18.31255
"2024","gbif282",-74.128611,11.329861,-74.1370501676457,11.3596875637681,-74.1370501676457,11.3596875637681,3.42549397535746,0,-74.1370501676457,11.3596875637681
"2025","gbif2820",-80.415115,24.98605,NA,NA,NA,NA,NA,NA,-80.415115,24.98605
"2026","gbif2821",-77.537033,24.097931,-77.5637787323847,24.0913518378895,-77.5143545100944,24.1089292330493,2.60773285796534,5.38905128935586,-77.5143545100944,24.1089292330493
"2027","gbif2822",-81.076599,19.333366,NA,NA,NA,NA,NA,NA,-81.076599,19.333366
"2028","gbif2823",-77.38237,23.709669,NA,NA,NA,NA,NA,NA,-77.38237,23.709669
"2029","gbif2824",-77.101433,18.414867,NA,NA,NA,NA,NA,NA,-77.101433,18.414867
"2030","gbif2825",-82.317146,21.562784,NA,NA,NA,NA,NA,NA,-82.317146,21.562784
"2031","gbif2826",-81.430435,21.912434,NA,NA,NA,NA,NA,NA,-81.430435,21.912434
"2032","gbif2827",-77.419022,23.778219,NA,NA,NA,NA,NA,NA,-77.419022,23.778219
"2033","gbif2828",-74.480003,24.17,NA,NA,NA,NA,NA,NA,-74.480003,24.17
"2034","gbif2829",-77.693176,24.6259,NA,NA,NA,NA,NA,NA,-77.693176,24.6259
"2035","gbif283",-74.128611,11.329861,-74.1370501676457,11.3596875637681,-74.1370501676457,11.3596875637681,3.42549397535746,0,-74.1370501676457,11.3596875637681
"2036","gbif2830",-77.698997,24.483999,NA,NA,NA,NA,NA,NA,-77.698997,24.483999
"2037","gbif2831",-82.805,9.738334,NA,NA,NA,NA,NA,NA,-82.805,9.738334
"2038","gbif2832",-82.449249,21.543533,NA,NA,NA,NA,NA,NA,-82.449249,21.543533
"2039","gbif2833",-77.983032,25.128851,NA,NA,NA,NA,NA,NA,-77.983032,25.128851
"2040","gbif2834",-77.698067,24.439501,NA,NA,NA,NA,NA,NA,-77.698067,24.439501
"2041","gbif2835",-82.371284,21.536434,NA,NA,NA,NA,NA,NA,-82.371284,21.536434
"2042","gbif2836",-77.693176,24.6259,NA,NA,NA,NA,NA,NA,-77.693176,24.6259
"2043","gbif2837",-77.652779,22.176945,NA,NA,NA,NA,NA,NA,-77.652779,22.176945
"2044","gbif2838",-77.647881,24.3013,NA,NA,NA,NA,NA,NA,-77.647881,24.3013
"2045","gbif2839",-82.768982,21.455,NA,NA,NA,NA,NA,NA,-82.768982,21.455
"2046","gbif284",-74.128611,11.329861,-74.1370501676457,11.3596875637681,-74.1370501676457,11.3596875637681,3.42549397535746,0,-74.1370501676457,11.3596875637681
"2047","gbif2840",-77.670677,24.343149,NA,NA,NA,NA,NA,NA,-77.670677,24.343149
"2048","gbif2841",-77.646202,24.29167,NA,NA,NA,NA,NA,NA,-77.646202,24.29167
"2049","gbif2842",-87.410469,18.408817,NA,NA,NA,NA,NA,NA,-87.410469,18.408817
"2050","gbif2843",-82.449249,21.543533,NA,NA,NA,NA,NA,NA,-82.449249,21.543533
"2051","gbif2844",-66.723,11.881133,NA,NA,NA,NA,NA,NA,-66.723,11.881133
"2052","gbif2845",-74.459999,24.139999,NA,NA,NA,NA,NA,NA,-74.459999,24.139999
"2053","gbif2846",-81.635834,21.580917,NA,NA,NA,NA,NA,NA,-81.635834,21.580917
"2054","gbif2847",-81.247231,21.833334,NA,NA,NA,NA,NA,NA,-81.247231,21.833334
"2055","gbif2848",-81.822517,9.107567,-81.8189797717767,9.1118850475027,-81.7818114465642,9.10337161911821,4.49859028343895,4.19283034563314,-81.7818114465642,9.10337161911821
"2056","gbif2849",-77.647881,24.3013,NA,NA,NA,NA,NA,NA,-77.647881,24.3013
"2057","gbif285",-74.128611,11.329861,-74.1370501676457,11.3596875637681,-74.1370501676457,11.3596875637681,3.42549397535746,0,-74.1370501676457,11.3596875637681
"2058","gbif2850",-80.588608,23.236666,NA,NA,NA,NA,NA,NA,-80.588608,23.236666
"2059","gbif2851",-81.585899,21.585649,NA,NA,NA,NA,NA,NA,-81.585899,21.585649
"2060","gbif2852",-81.180984,21.784901,NA,NA,NA,NA,NA,NA,-81.180984,21.784901
"2061","gbif2853",-77.426369,23.79092,NA,NA,NA,NA,NA,NA,-77.426369,23.79092
"2062","gbif2854",-81.430435,21.912434,NA,NA,NA,NA,NA,NA,-81.430435,21.912434
"2063","gbif2855",-66.705765,11.766367,NA,NA,NA,NA,NA,NA,-66.705765,11.766367
"2064","gbif2856",-87.410469,18.408817,NA,NA,NA,NA,NA,NA,-87.410469,18.408817
"2065","gbif2857",-77.860977,24.844931,NA,NA,NA,NA,NA,NA,-77.860977,24.844931
"2066","gbif2858",-87.908035,17.15505,NA,NA,NA,NA,NA,NA,-87.908035,17.15505
"2067","gbif2859",-74.470001,24.15,NA,NA,NA,NA,NA,NA,-74.470001,24.15
"2068","gbif286",-74.128611,11.329861,-74.1370501676457,11.3596875637681,-74.1370501676457,11.3596875637681,3.42549397535746,0,-74.1370501676457,11.3596875637681
"2069","gbif2860",-83.047997,12.19013,NA,NA,NA,NA,NA,NA,-83.047997,12.19013
"2070","gbif2861",-78.655716,9.51865,NA,NA,NA,NA,NA,NA,-78.655716,9.51865
"2071","gbif2862",-79.095284,20.898216,NA,NA,NA,NA,NA,NA,-79.095284,20.898216
"2072","gbif2863",-77.68235,24.367029,NA,NA,NA,NA,NA,NA,-77.68235,24.367029
"2073","gbif2864",-81.105301,19.292749,NA,NA,NA,NA,NA,NA,-81.105301,19.292749
"2074","gbif2865",-77.68235,24.367029,NA,NA,NA,NA,NA,NA,-77.68235,24.367029
"2075","gbif2866",-80.301498,25.11875,NA,NA,NA,NA,NA,NA,-80.301498,25.11875
"2076","gbif2867",-87.800682,16.909634,NA,NA,NA,NA,NA,NA,-87.800682,16.909634
"2077","gbif2868",-77.647881,24.3013,NA,NA,NA,NA,NA,NA,-77.647881,24.3013
"2078","gbif2869",-82.304085,21.560801,NA,NA,NA,NA,NA,NA,-82.304085,21.560801
"2079","gbif287",-74.128611,11.329861,-74.1370501676457,11.3596875637681,-74.1370501676457,11.3596875637681,3.42549397535746,0,-74.1370501676457,11.3596875637681
"2080","gbif2870",-81.430435,21.912434,NA,NA,NA,NA,NA,NA,-81.430435,21.912434
"2081","gbif2871",-77.602501,22.024723,NA,NA,NA,NA,NA,NA,-77.602501,22.024723
"2082","gbif2872",-81.92717,21.595783,NA,NA,NA,NA,NA,NA,-81.92717,21.595783
"2083","gbif2873",-78.991066,20.833683,NA,NA,NA,NA,NA,NA,-78.991066,20.833683
"2084","gbif2874",-87.333969,18.753532,NA,NA,NA,NA,NA,NA,-87.333969,18.753532
"2085","gbif2875",-82.324165,9.423317,NA,NA,NA,NA,NA,NA,-82.324165,9.423317
"2086","gbif2876",-81.105301,19.292749,NA,NA,NA,NA,NA,NA,-81.105301,19.292749
"2087","gbif2877",-79.558151,21.217699,NA,NA,NA,NA,NA,NA,-79.558151,21.217699
"2088","gbif2878",-71.113632,21.4589,NA,NA,NA,NA,NA,NA,-71.113632,21.4589
"2089","gbif2879",-78.002899,25.160101,NA,NA,NA,NA,NA,NA,-78.002899,25.160101
"2090","gbif288",-74.128611,11.329861,-74.1370501676457,11.3596875637681,-74.1370501676457,11.3596875637681,3.42549397535746,0,-74.1370501676457,11.3596875637681
"2091","gbif2880",-81.197563,21.804667,NA,NA,NA,NA,NA,NA,-81.197563,21.804667
"2092","gbif2881",-78.034332,25.223921,NA,NA,NA,NA,NA,NA,-78.034332,25.223921
"2093","gbif2882",-65.314964,18.338083,-65.3120948323764,18.3112263801408,-65.3120948323764,18.373471656169,3.92868076660646,6.88955059508306,-65.3120948323764,18.373471656169
"2094","gbif2883",-77.983032,25.128851,NA,NA,NA,NA,NA,NA,-77.983032,25.128851
"2095","gbif2884",-77.691002,24.630671,NA,NA,NA,NA,NA,NA,-77.691002,24.630671
"2096","gbif2885",-78.034332,25.223921,NA,NA,NA,NA,NA,NA,-78.034332,25.223921
"2097","gbif2886",-87.831665,18.219166,NA,NA,NA,NA,NA,NA,-87.831665,18.219166
"2098","gbif2887",-77.647881,24.3013,NA,NA,NA,NA,NA,NA,-77.647881,24.3013
"2099","gbif2888",-70.818466,21.022816,NA,NA,NA,NA,NA,NA,-70.818466,21.022816
"2100","gbif2889",-77.691002,24.630671,NA,NA,NA,NA,NA,NA,-77.691002,24.630671
"2101","gbif289",-74.128611,11.329861,-74.1370501676457,11.3596875637681,-74.1370501676457,11.3596875637681,3.42549397535746,0,-74.1370501676457,11.3596875637681
"2102","gbif2890",-78.902435,20.772367,NA,NA,NA,NA,NA,NA,-78.902435,20.772367
"2103","gbif2891",-81.822517,9.107567,-81.8189797717767,9.1118850475027,-81.7818114465642,9.10337161911821,4.49859028343895,4.19283034563314,-81.7818114465642,9.10337161911821
"2104","gbif2892",-78.085571,25.313219,NA,NA,NA,NA,NA,NA,-78.085571,25.313219
"2105","gbif2893",-78.085571,25.313219,NA,NA,NA,NA,NA,NA,-78.085571,25.313219
"2106","gbif2894",-65.314964,18.338083,-65.3120948323764,18.3112263801408,-65.3120948323764,18.373471656169,3.92868076660646,6.88955059508306,-65.3120948323764,18.373471656169
"2107","gbif2895",-79.409164,21.07115,NA,NA,NA,NA,NA,NA,-79.409164,21.07115
"2108","gbif2896",-77.602501,22.024723,NA,NA,NA,NA,NA,NA,-77.602501,22.024723
"2109","gbif2897",-77.983032,25.128851,NA,NA,NA,NA,NA,NA,-77.983032,25.128851
"2110","gbif2898",-78.902435,20.772367,NA,NA,NA,NA,NA,NA,-78.902435,20.772367
"2111","gbif2899",-80.415115,24.98605,NA,NA,NA,NA,NA,NA,-80.415115,24.98605
"2112","gbif29",-82.758819,9.799612,NA,NA,NA,NA,NA,NA,-82.758819,9.799612
"2113","gbif290",-74.128611,11.329861,-74.1370501676457,11.3596875637681,-74.1370501676457,11.3596875637681,3.42549397535746,0,-74.1370501676457,11.3596875637681
"2114","gbif2900",-77.698067,24.439501,NA,NA,NA,NA,NA,NA,-77.698067,24.439501
"2115","gbif2901",-77.426369,23.79092,NA,NA,NA,NA,NA,NA,-77.426369,23.79092
"2116","gbif2902",-77.647881,24.3013,NA,NA,NA,NA,NA,NA,-77.647881,24.3013
"2117","gbif2903",-77.8563,24.84425,NA,NA,NA,NA,NA,NA,-77.8563,24.84425
"2118","gbif2904",-66.689034,11.882234,NA,NA,NA,NA,NA,NA,-66.689034,11.882234
"2119","gbif2905",-79.103485,20.901316,NA,NA,NA,NA,NA,NA,-79.103485,20.901316
"2120","gbif2906",-87.316513,18.510616,NA,NA,NA,NA,NA,NA,-87.316513,18.510616
"2121","gbif2907",-81.285583,21.8479,-81.3087079617919,21.8414227491664,-81.2483793295055,21.8414227491664,3.91220459364308,6.23656925870371,-81.2483793295055,21.8414227491664
"2122","gbif2908",-82.972504,12.2946,NA,NA,NA,NA,NA,NA,-82.972504,12.2946
"2123","gbif2909",-77.861,24.844999,NA,NA,NA,NA,NA,NA,-77.861,24.844999
"2124","gbif291",-74.128361,11.325611,-74.137926965666,11.3594498584544,-74.137926965666,11.3594498584544,3.88604814449729,0,-74.137926965666,11.3594498584544
"2125","gbif2910",-78.085571,25.313219,NA,NA,NA,NA,NA,NA,-78.085571,25.313219
"2126","gbif2911",-80.415115,24.98605,NA,NA,NA,NA,NA,NA,-80.415115,24.98605
"2127","gbif2912",-78.002899,25.160101,NA,NA,NA,NA,NA,NA,-78.002899,25.160101
"2128","gbif2913",-87.831665,18.219166,NA,NA,NA,NA,NA,NA,-87.831665,18.219166
"2129","gbif2914",-77.698067,24.439501,NA,NA,NA,NA,NA,NA,-77.698067,24.439501
"2130","gbif2915",-78.693054,22.626667,NA,NA,NA,NA,NA,NA,-78.693054,22.626667
"2131","gbif2916",-81.519333,22.09885,NA,NA,NA,NA,NA,NA,-81.519333,22.09885
"2132","gbif2917",-87.872429,18.22097,NA,NA,NA,NA,NA,NA,-87.872429,18.22097
"2133","gbif2918",-74.470001,24.15,NA,NA,NA,NA,NA,NA,-74.470001,24.15
"2134","gbif2919",-87.53611,19.145834,-87.5813143112827,19.1467659752897,-87.5162067049453,19.1737680622453,3.73423179248317,7.47252436571797,-87.5162067049453,19.1737680622453
"2135","gbif292",-74.128361,11.325611,-74.137926965666,11.3594498584544,-74.137926965666,11.3594498584544,3.88604814449729,0,-74.137926965666,11.3594498584544
"2136","gbif2920",-77.693176,24.6259,NA,NA,NA,NA,NA,NA,-77.693176,24.6259
"2137","gbif2921",-77.426369,23.79092,NA,NA,NA,NA,NA,NA,-77.426369,23.79092
"2138","gbif2922",-77.698067,24.439501,NA,NA,NA,NA,NA,NA,-77.698067,24.439501
"2139","gbif2923",-65.314964,18.338083,-65.3120948323764,18.3112263801408,-65.3120948323764,18.373471656169,3.92868076660646,6.88955059508306,-65.3120948323764,18.373471656169
"2140","gbif2924",-77.376999,23.696501,NA,NA,NA,NA,NA,NA,-77.376999,23.696501
"2141","gbif2925",-77.537033,24.097931,-77.5637787323847,24.0913518378895,-77.5143545100944,24.1089292330493,2.60773285796534,5.38905128935586,-77.5143545100944,24.1089292330493
"2142","gbif2926",-77.647881,24.3013,NA,NA,NA,NA,NA,NA,-77.647881,24.3013
"2143","gbif2927",-77.419022,23.778219,NA,NA,NA,NA,NA,NA,-77.419022,23.778219
"2144","gbif2928",-77.652779,22.176945,NA,NA,NA,NA,NA,NA,-77.652779,22.176945
"2145","gbif2929",-77.770172,24.72917,-77.7820188029016,24.7192993682217,-77.7810705686238,24.7758429047796,5.28615131931617,6.2640192548897,-77.7810705686238,24.7758429047796
"2146","gbif293",-74.128361,11.325611,-74.137926965666,11.3594498584544,-74.137926965666,11.3594498584544,3.88604814449729,0,-74.137926965666,11.3594498584544
"2147","gbif2930",-79.103485,20.901316,NA,NA,NA,NA,NA,NA,-79.103485,20.901316
"2148","gbif2931",-78.354134,18.31255,NA,NA,NA,NA,NA,NA,-78.354134,18.31255
"2149","gbif2932",-77.670677,24.343149,NA,NA,NA,NA,NA,NA,-77.670677,24.343149
"2150","gbif2933",-81.92717,21.595783,NA,NA,NA,NA,NA,NA,-81.92717,21.595783
"2151","gbif2934",-79.019485,20.846001,NA,NA,NA,NA,NA,NA,-79.019485,20.846001
"2152","gbif2935",-77.376999,23.696501,NA,NA,NA,NA,NA,NA,-77.376999,23.696501
"2153","gbif2936",-77.629173,24.253151,NA,NA,NA,NA,NA,NA,-77.629173,24.253151
"2154","gbif2937",-76.988503,26.397833,NA,NA,NA,NA,NA,NA,-76.988503,26.397833
"2155","gbif2938",-66.723,11.881133,NA,NA,NA,NA,NA,NA,-66.723,11.881133
"2156","gbif2939",-87.536942,19.137501,-87.5815096182609,19.1385104595907,-87.5162067049453,19.1070766950723,4.01264956305039,7.70160633081578,-87.5162067049453,19.1070766950723
"2157","gbif294",-74.128361,11.325611,-74.137926965666,11.3594498584544,-74.137926965666,11.3594498584544,3.88604814449729,0,-74.137926965666,11.3594498584544
"2158","gbif2940",-66.884186,11.800233,NA,NA,NA,NA,NA,NA,-66.884186,11.800233
"2159","gbif2941",-81.430435,21.912434,NA,NA,NA,NA,NA,NA,-81.430435,21.912434
"2160","gbif2942",-77.670677,24.343149,NA,NA,NA,NA,NA,NA,-77.670677,24.343149
"2161","gbif2943",-87.59893,17.138416,NA,NA,NA,NA,NA,NA,-87.59893,17.138416
"2162","gbif2944",-87.959999,17.889999,NA,NA,NA,NA,NA,NA,-87.959999,17.889999
"2163","gbif2945",-81.820747,9.106234,-81.8172577162513,9.11048841249628,-81.7818114465642,9.10337161911821,4.29172752751239,3.97515475100498,-81.7818114465642,9.10337161911821
"2164","gbif2946",-87.935013,17.385883,NA,NA,NA,NA,NA,NA,-87.935013,17.385883
"2165","gbif2947",-88.038086,17.35215,NA,NA,NA,NA,NA,NA,-88.038086,17.35215
"2166","gbif2948",-77.376999,23.696501,NA,NA,NA,NA,NA,NA,-77.376999,23.696501
"2167","gbif2949",-82.119965,9.26785,-82.1043715701966,9.27078571482599,-82.0485275050935,9.30344572063728,8.78087784501504,7.11993219693636,-82.0485275050935,9.30344572063728
"2168","gbif295",-74.128361,11.325611,-74.137926965666,11.3594498584544,-74.137926965666,11.3594498584544,3.88604814449729,0,-74.137926965666,11.3594498584544
"2169","gbif2950",-78.847954,20.811966,NA,NA,NA,NA,NA,NA,-78.847954,20.811966
"2170","gbif2951",-81.46685,21.960484,NA,NA,NA,NA,NA,NA,-81.46685,21.960484
"2171","gbif2952",-74.480003,24.17,NA,NA,NA,NA,NA,NA,-74.480003,24.17
"2172","gbif2953",-81.957298,21.586367,NA,NA,NA,NA,NA,NA,-81.957298,21.586367
"2173","gbif2954",-66.705765,11.766367,NA,NA,NA,NA,NA,NA,-66.705765,11.766367
"2174","gbif2955",-87.320534,18.519634,NA,NA,NA,NA,NA,NA,-87.320534,18.519634
"2175","gbif2956",-78.002899,25.160101,NA,NA,NA,NA,NA,NA,-78.002899,25.160101
"2176","gbif2957",-80.218903,25.208883,NA,NA,NA,NA,NA,NA,-80.218903,25.208883
"2177","gbif2958",-81.247231,21.833334,NA,NA,NA,NA,NA,NA,-81.247231,21.833334
"2178","gbif2959",-82.969398,12.29153,NA,NA,NA,NA,NA,NA,-82.969398,12.29153
"2179","gbif296",-74.128361,11.325611,-74.137926965666,11.3594498584544,-74.137926965666,11.3594498584544,3.88604814449729,0,-74.137926965666,11.3594498584544
"2180","gbif2960",-77.65638,24.3069,NA,NA,NA,NA,NA,NA,-77.65638,24.3069
"2181","gbif2961",-87.908035,17.15505,NA,NA,NA,NA,NA,NA,-87.908035,17.15505
"2182","gbif2962",-78.002899,25.160101,NA,NA,NA,NA,NA,NA,-78.002899,25.160101
"2183","gbif2963",-74.459999,24.16,NA,NA,NA,NA,NA,NA,-74.459999,24.16
"2184","gbif2964",-77.38237,23.709669,NA,NA,NA,NA,NA,NA,-77.38237,23.709669
"2185","gbif2965",-80.301498,25.11875,NA,NA,NA,NA,NA,NA,-80.301498,25.11875
"2186","gbif2966",-82.317146,21.562784,NA,NA,NA,NA,NA,NA,-82.317146,21.562784
"2187","gbif2967",-77.68235,24.367029,NA,NA,NA,NA,NA,NA,-77.68235,24.367029
"2188","gbif2968",-82.969398,12.29153,NA,NA,NA,NA,NA,NA,-82.969398,12.29153
"2189","gbif2969",-81.876953,24.452066,NA,NA,NA,NA,NA,NA,-81.876953,24.452066
"2190","gbif297",-74.128361,11.325611,-74.137926965666,11.3594498584544,-74.137926965666,11.3594498584544,3.88604814449729,0,-74.137926965666,11.3594498584544
"2191","gbif2970",-77.983032,25.128851,NA,NA,NA,NA,NA,NA,-77.983032,25.128851
"2192","gbif2971",-77.698067,24.439501,NA,NA,NA,NA,NA,NA,-77.698067,24.439501
"2193","gbif2972",-77.426369,23.79092,NA,NA,NA,NA,NA,NA,-77.426369,23.79092
"2194","gbif2973",-74.470001,24.15,NA,NA,NA,NA,NA,NA,-74.470001,24.15
"2195","gbif2974",-81.585899,21.585649,NA,NA,NA,NA,NA,NA,-81.585899,21.585649
"2196","gbif2975",-81.635834,21.580917,NA,NA,NA,NA,NA,NA,-81.635834,21.580917
"2197","gbif2976",-82.371284,21.536434,NA,NA,NA,NA,NA,NA,-82.371284,21.536434
"2198","gbif2977",-77.629173,24.253151,NA,NA,NA,NA,NA,NA,-77.629173,24.253151
"2199","gbif2978",-81.247231,21.833334,NA,NA,NA,NA,NA,NA,-81.247231,21.833334
"2200","gbif2979",-87.299103,20.40765,-87.3143386782219,20.4114746515275,-87.3161696610483,20.3742126713598,4.10818179379925,4.12966084854752,-87.3161696610483,20.3742126713598
"2201","gbif298",-74.128361,11.325611,-74.137926965666,11.3594498584544,-74.137926965666,11.3594498584544,3.88604814449729,0,-74.137926965666,11.3594498584544
"2202","gbif2980",-78.034332,25.223921,NA,NA,NA,NA,NA,NA,-78.034332,25.223921
"2203","gbif2981",-78.034332,25.223921,NA,NA,NA,NA,NA,NA,-78.034332,25.223921
"2204","gbif2982",-87.699867,16.914351,NA,NA,NA,NA,NA,NA,-87.699867,16.914351
"2205","gbif2983",-78.034332,25.223921,NA,NA,NA,NA,NA,NA,-78.034332,25.223921
"2206","gbif2984",-81.105301,19.292749,NA,NA,NA,NA,NA,NA,-81.105301,19.292749
"2207","gbif2985",-77.65638,24.3069,NA,NA,NA,NA,NA,NA,-77.65638,24.3069
"2208","gbif2986",-81.515869,22.021616,NA,NA,NA,NA,NA,NA,-81.515869,22.021616
"2209","gbif2987",-81.957298,21.586367,NA,NA,NA,NA,NA,NA,-81.957298,21.586367
"2210","gbif2988",-66.723,11.881133,NA,NA,NA,NA,NA,NA,-66.723,11.881133
"2211","gbif2989",-78.12722,22.4825,NA,NA,NA,NA,NA,NA,-78.12722,22.4825
"2212","gbif299",-74.128361,11.325611,-74.137926965666,11.3594498584544,-74.137926965666,11.3594498584544,3.88604814449729,0,-74.137926965666,11.3594498584544
"2213","gbif2990",-77.537033,24.097931,-77.5637787323847,24.0913518378895,-77.5143545100944,24.1089292330493,2.60773285796534,5.38905128935586,-77.5143545100944,24.1089292330493
"2214","gbif2991",-77.693176,24.6259,NA,NA,NA,NA,NA,NA,-77.693176,24.6259
"2215","gbif2992",-87.302979,20.402189,NA,NA,NA,NA,NA,NA,-87.302979,20.402189
"2216","gbif2993",-81.514603,22.036051,NA,NA,NA,NA,NA,NA,-81.514603,22.036051
"2217","gbif2994",-77.465553,21.843334,-77.5131530864073,21.8414227491664,-77.4476754954621,21.8414227491664,1.86018058112082,6.76885112230064,-77.4476754954621,21.8414227491664
"2218","gbif2995",-77.376999,23.696501,NA,NA,NA,NA,NA,NA,-77.376999,23.696501
"2219","gbif2996",-77.426369,23.79092,NA,NA,NA,NA,NA,NA,-77.426369,23.79092
"2220","gbif2997",-65.314964,18.338083,-65.3120948323764,18.3112263801408,-65.3120948323764,18.373471656169,3.92868076660646,6.88955059508306,-65.3120948323764,18.373471656169
"2221","gbif2998",-77.861,24.844999,NA,NA,NA,NA,NA,NA,-77.861,24.844999
"2222","gbif2999",-78.772301,9.5947,NA,NA,NA,NA,NA,NA,-78.772301,9.5947
"2223","gbif3",-86.603335,21.235777,NA,NA,NA,NA,NA,NA,-86.603335,21.235777
"2224","gbif30",-86.820393,20.981295,-86.8430130715805,20.9879937811798,-86.7827375439896,20.974434975917,3.98861111707277,6.44492121945203,-86.7827375439896,20.974434975917
"2225","gbif300",-74.128361,11.325611,-74.137926965666,11.3594498584544,-74.137926965666,11.3594498584544,3.88604814449729,0,-74.137926965666,11.3594498584544
"2226","gbif3000",-74.480003,24.17,NA,NA,NA,NA,NA,NA,-74.480003,24.17
"2227","gbif3001",-77.65638,24.3069,NA,NA,NA,NA,NA,NA,-77.65638,24.3069
"2228","gbif3002",-87.528214,17.250584,NA,NA,NA,NA,NA,NA,-87.528214,17.250584
"2229","gbif3003",-77.860977,24.844931,NA,NA,NA,NA,NA,NA,-77.860977,24.844931
"2230","gbif3004",-77.38237,23.709669,NA,NA,NA,NA,NA,NA,-77.38237,23.709669
"2231","gbif3005",-77.683723,24.5448,NA,NA,NA,NA,NA,NA,-77.683723,24.5448
"2232","gbif3006",-77.691002,24.630671,NA,NA,NA,NA,NA,NA,-77.691002,24.630671
"2233","gbif3007",-81.515869,22.021616,NA,NA,NA,NA,NA,NA,-81.515869,22.021616
"2234","gbif3008",-66.895233,11.792334,NA,NA,NA,NA,NA,NA,-66.895233,11.792334
"2235","gbif3009",-79.019485,20.846001,NA,NA,NA,NA,NA,NA,-79.019485,20.846001
"2236","gbif301",-77.33625,8.642056,-77.3294575293647,8.6493806160825,-77.3143174661974,8.63653204890701,2.49010468682428,2.18999260871193,-77.3143174661974,8.63653204890701
"2237","gbif3010",-77.419022,23.778219,NA,NA,NA,NA,NA,NA,-77.419022,23.778219
"2238","gbif3011",-77.646202,24.29167,NA,NA,NA,NA,NA,NA,-77.646202,24.29167
"2239","gbif3012",-79.409164,21.07115,NA,NA,NA,NA,NA,NA,-79.409164,21.07115
"2240","gbif3013",-77.770172,24.72917,-77.7820188029016,24.7192993682217,-77.7810705686238,24.7758429047796,5.28615131931617,6.2640192548897,-77.7810705686238,24.7758429047796
"2241","gbif3014",-79.019485,20.846001,NA,NA,NA,NA,NA,NA,-79.019485,20.846001
"2242","gbif3015",-77.426369,23.79092,NA,NA,NA,NA,NA,NA,-77.426369,23.79092
"2243","gbif3016",-81.681801,21.576967,NA,NA,NA,NA,NA,NA,-81.681801,21.576967
"2244","gbif3017",-81.519333,22.09885,NA,NA,NA,NA,NA,NA,-81.519333,22.09885
"2245","gbif3018",-77.376999,23.696501,NA,NA,NA,NA,NA,NA,-77.376999,23.696501
"2246","gbif3019",-77.861,24.844999,NA,NA,NA,NA,NA,NA,-77.861,24.844999
"2247","gbif302",-74.128361,11.325611,-74.137926965666,11.3594498584544,-74.137926965666,11.3594498584544,3.88604814449729,0,-74.137926965666,11.3594498584544
"2248","gbif3020",-81.405151,24.546074,NA,NA,NA,NA,NA,NA,-81.405151,24.546074
"2249","gbif3021",-79.290001,21.089817,-79.2924615669568,21.1078177102631,-79.2480088905353,21.1078177102631,4.79668981355737,4.61843747961783,-79.2480088905353,21.1078177102631
"2250","gbif3022",-77.419022,23.778219,NA,NA,NA,NA,NA,NA,-77.419022,23.778219
"2251","gbif3023",-78.847954,20.811966,NA,NA,NA,NA,NA,NA,-78.847954,20.811966
"2252","gbif3024",-77.693176,24.6259,NA,NA,NA,NA,NA,NA,-77.693176,24.6259
"2253","gbif3025",-77.68235,24.367029,NA,NA,NA,NA,NA,NA,-77.68235,24.367029
"2254","gbif3026",-77.770172,24.72917,-77.7820188029016,24.7192993682217,-77.7810705686238,24.7758429047796,5.28615131931617,6.2640192548897,-77.7810705686238,24.7758429047796
"2255","gbif3027",-71.113632,21.4589,NA,NA,NA,NA,NA,NA,-71.113632,21.4589
"2256","gbif3028",-77.426369,23.79092,NA,NA,NA,NA,NA,NA,-77.426369,23.79092
"2257","gbif3029",-88.139999,16.76,NA,NA,NA,NA,NA,NA,-88.139999,16.76
"2258","gbif303",-74.128361,11.325611,-74.137926965666,11.3594498584544,-74.137926965666,11.3594498584544,3.88604814449729,0,-74.137926965666,11.3594498584544
"2259","gbif3030",-78.902435,20.772367,NA,NA,NA,NA,NA,NA,-78.902435,20.772367
"2260","gbif3031",-66.622665,11.954284,NA,NA,NA,NA,NA,NA,-66.622665,11.954284
"2261","gbif3032",-78.12722,22.4825,NA,NA,NA,NA,NA,NA,-78.12722,22.4825
"2262","gbif3033",-77.646202,24.29167,NA,NA,NA,NA,NA,NA,-77.646202,24.29167
"2263","gbif3034",-77.465553,21.843334,-77.5131530864073,21.8414227491664,-77.4476754954621,21.8414227491664,1.86018058112082,6.76885112230064,-77.4476754954621,21.8414227491664
"2264","gbif3035",-79.290001,21.089817,-79.2924615669568,21.1078177102631,-79.2480088905353,21.1078177102631,4.79668981355737,4.61843747961783,-79.2480088905353,21.1078177102631
"2265","gbif3036",-81.430435,21.912434,NA,NA,NA,NA,NA,NA,-81.430435,21.912434
"2266","gbif3037",-87.299103,20.40765,-87.3143386782219,20.4114746515275,-87.3161696610483,20.3742126713598,4.10818179379925,4.12966084854752,-87.3161696610483,20.3742126713598
"2267","gbif3038",-77.376999,23.696501,NA,NA,NA,NA,NA,NA,-77.376999,23.696501
"2268","gbif3039",-88.038086,17.35215,NA,NA,NA,NA,NA,NA,-88.038086,17.35215
"2269","gbif304",-74.128361,11.325611,-74.137926965666,11.3594498584544,-74.137926965666,11.3594498584544,3.88604814449729,0,-74.137926965666,11.3594498584544
"2270","gbif3040",-66.622665,11.954284,NA,NA,NA,NA,NA,NA,-66.622665,11.954284
"2271","gbif3041",-82.805,9.738334,NA,NA,NA,NA,NA,NA,-82.805,9.738334
"2272","gbif3042",-78.085571,25.313219,NA,NA,NA,NA,NA,NA,-78.085571,25.313219
"2273","gbif3043",-81.820747,9.106234,-81.8172577162513,9.11048841249628,-81.7818114465642,9.10337161911821,4.29172752751239,3.97515475100498,-81.7818114465642,9.10337161911821
"2274","gbif3044",-76.988503,26.397833,NA,NA,NA,NA,NA,NA,-76.988503,26.397833
"2275","gbif3045",-76.976387,26.59725,NA,NA,NA,NA,NA,NA,-76.976387,26.59725
"2276","gbif3046",-79.290001,21.089817,-79.2924615669568,21.1078177102631,-79.2480088905353,21.1078177102631,4.79668981355737,4.61843747961783,-79.2480088905353,21.1078177102631
"2277","gbif3047",-79.928131,21.656967,NA,NA,NA,NA,NA,NA,-79.928131,21.656967
"2278","gbif3048",-77.807671,24.751329,-77.8110915000961,24.7483862432583,-77.7810705686238,24.7758429047796,3.82252174320534,4.2976284442484,-77.7810705686238,24.7758429047796
"2279","gbif3049",-77.647881,24.3013,NA,NA,NA,NA,NA,NA,-77.647881,24.3013
"2280","gbif305",-75.587944,10.302003,-75.5871053268254,10.3014686218233,-75.647342100389,10.3038162282327,6.50933945653741,6.60322719674341,-75.647342100389,10.3038162282327
"2281","gbif3050",-77.646202,24.29167,NA,NA,NA,NA,NA,NA,-77.646202,24.29167
"2282","gbif3051",-66.689034,11.882234,NA,NA,NA,NA,NA,NA,-66.689034,11.882234
"2283","gbif3052",-78.902496,22.693611,NA,NA,NA,NA,NA,NA,-78.902496,22.693611
"2284","gbif3053",-77.770172,24.72917,-77.7820188029016,24.7192993682217,-77.7810705686238,24.7758429047796,5.28615131931617,6.2640192548897,-77.7810705686238,24.7758429047796
"2285","gbif3054",-83.194504,21.617884,NA,NA,NA,NA,NA,NA,-83.194504,21.617884
"2286","gbif3055",-80.0728,19.656866,NA,NA,NA,NA,NA,NA,-80.0728,19.656866
"2287","gbif3056",-81.285583,21.8479,-81.3087079617919,21.8414227491664,-81.2483793295055,21.8414227491664,3.91220459364308,6.23656925870371,-81.2483793295055,21.8414227491664
"2288","gbif3057",-74.540001,23.950001,-74.514568224885,23.9755464987032,-74.5804778662715,23.9755464987032,4.99776850253307,6.70769270674922,-74.5804778662715,23.9755464987032
"2289","gbif3058",-77.647881,24.3013,NA,NA,NA,NA,NA,NA,-77.647881,24.3013
"2290","gbif3059",-77.376999,23.696501,NA,NA,NA,NA,NA,NA,-77.376999,23.696501
"2291","gbif306",-75.587944,10.302003,-75.5871053268254,10.3014686218233,-75.647342100389,10.3038162282327,6.50933945653741,6.60322719674341,-75.647342100389,10.3038162282327
"2292","gbif3060",-78.085571,25.313219,NA,NA,NA,NA,NA,NA,-78.085571,25.313219
"2293","gbif3061",-79.430214,21.067783,NA,NA,NA,NA,NA,NA,-79.430214,21.067783
"2294","gbif3062",-71.599998,21.299999,NA,NA,NA,NA,NA,NA,-71.599998,21.299999
"2295","gbif3063",-78.991066,20.833683,NA,NA,NA,NA,NA,NA,-78.991066,20.833683
"2296","gbif3064",-77.646202,24.29167,NA,NA,NA,NA,NA,NA,-77.646202,24.29167
"2297","gbif3065",-80.301498,25.11875,NA,NA,NA,NA,NA,NA,-80.301498,25.11875
"2298","gbif3066",-78.200836,20.568832,NA,NA,NA,NA,NA,NA,-78.200836,20.568832
"2299","gbif3067",-77.983032,25.128851,NA,NA,NA,NA,NA,NA,-77.983032,25.128851
"2300","gbif3068",-76.97683,26.3575,NA,NA,NA,NA,NA,NA,-76.97683,26.3575
"2301","gbif3069",-65.264786,18.338383,-65.2898684941656,18.3067802889959,-65.245415817744,18.3067802889959,4.05315173588614,4.69955400013281,-65.245415817744,18.3067802889959
"2302","gbif307",-75.587944,10.302003,-75.5871053268254,10.3014686218233,-75.647342100389,10.3038162282327,6.50933945653741,6.60322719674341,-75.647342100389,10.3038162282327
"2303","gbif3070",-77.670677,24.343149,NA,NA,NA,NA,NA,NA,-77.670677,24.343149
"2304","gbif3071",-88.080002,16.780001,NA,NA,NA,NA,NA,NA,-88.080002,16.780001
"2305","gbif3072",-81.957298,21.586367,NA,NA,NA,NA,NA,NA,-81.957298,21.586367
"2306","gbif3073",-77.983032,25.128851,NA,NA,NA,NA,NA,NA,-77.983032,25.128851
"2307","gbif3074",-77.691002,24.630671,NA,NA,NA,NA,NA,NA,-77.691002,24.630671
"2308","gbif3075",-78.085571,25.313219,NA,NA,NA,NA,NA,NA,-78.085571,25.313219
"2309","gbif3076",-79.558151,21.217699,NA,NA,NA,NA,NA,NA,-79.558151,21.217699
"2310","gbif3077",-78.902435,20.772367,NA,NA,NA,NA,NA,NA,-78.902435,20.772367
"2311","gbif3078",-77.693176,24.6259,NA,NA,NA,NA,NA,NA,-77.693176,24.6259
"2312","gbif3079",-77.8563,24.84425,NA,NA,NA,NA,NA,NA,-77.8563,24.84425
"2313","gbif308",-75.587944,10.302003,-75.5871053268254,10.3014686218233,-75.647342100389,10.3038162282327,6.50933945653741,6.60322719674341,-75.647342100389,10.3038162282327
"2314","gbif3080",-77.937828,25.063669,-77.9796848016266,25.0642250659524,-77.9144285978885,25.0426083734717,3.31929246221483,7.00663945943426,-77.9144285978885,25.0426083734717
"2315","gbif3081",-81.519333,22.09885,NA,NA,NA,NA,NA,NA,-81.519333,22.09885
"2316","gbif3082",-77.629173,24.253151,NA,NA,NA,NA,NA,NA,-77.629173,24.253151
"2317","gbif3083",-80.301498,25.11875,NA,NA,NA,NA,NA,NA,-80.301498,25.11875
"2318","gbif3084",-78.680397,20.644234,NA,NA,NA,NA,NA,NA,-78.680397,20.644234
"2319","gbif3085",-81.635834,21.580917,NA,NA,NA,NA,NA,NA,-81.635834,21.580917
"2320","gbif3086",-81.285583,21.8479,-81.3087079617919,21.8414227491664,-81.2483793295055,21.8414227491664,3.91220459364308,6.23656925870371,-81.2483793295055,21.8414227491664
"2321","gbif3087",-77.8563,24.84425,NA,NA,NA,NA,NA,NA,-77.8563,24.84425
"2322","gbif3088",-77.647881,24.3013,NA,NA,NA,NA,NA,NA,-77.647881,24.3013
"2323","gbif3089",-82.119965,9.26785,-82.1043715701966,9.27078571482599,-82.0485275050935,9.30344572063728,8.78087784501504,7.11993219693636,-82.0485275050935,9.30344572063728
"2324","gbif309",-75.587944,10.302003,-75.5871053268254,10.3014686218233,-75.647342100389,10.3038162282327,6.50933945653741,6.60322719674341,-75.647342100389,10.3038162282327
"2325","gbif3090",-77.937828,25.063669,-77.9796848016266,25.0642250659524,-77.9144285978885,25.0426083734717,3.31929246221483,7.00663945943426,-77.9144285978885,25.0426083734717
"2326","gbif3091",-77.537033,24.097931,-77.5637787323847,24.0913518378895,-77.5143545100944,24.1089292330493,2.60773285796534,5.38905128935586,-77.5143545100944,24.1089292330493
"2327","gbif3092",-87.746132,17.59425,NA,NA,NA,NA,NA,NA,-87.746132,17.59425
"2328","gbif3093",-81.635834,21.580917,NA,NA,NA,NA,NA,NA,-81.635834,21.580917
"2329","gbif3094",-76.874031,18.374866,-76.8774909812692,18.3707152388385,-76.8475643637711,18.373471656169,2.80123325851896,3.1773464161235,-76.8475643637711,18.373471656169
"2330","gbif3095",-79.558151,21.217699,NA,NA,NA,NA,NA,NA,-79.558151,21.217699
"2331","gbif3096",-78.085571,25.313219,NA,NA,NA,NA,NA,NA,-78.085571,25.313219
"2332","gbif3097",-79.290001,21.089817,-79.2924615669568,21.1078177102631,-79.2480088905353,21.1078177102631,4.79668981355737,4.61843747961783,-79.2480088905353,21.1078177102631
"2333","gbif3098",-77.647881,24.3013,NA,NA,NA,NA,NA,NA,-77.647881,24.3013
"2334","gbif3099",-66.622665,11.954284,NA,NA,NA,NA,NA,NA,-66.622665,11.954284
"2335","gbif31",-91.960194,20.195028,NA,NA,NA,NA,NA,NA,-91.960194,20.195028
"2336","gbif310",-74.128361,11.325611,-74.137926965666,11.3594498584544,-74.137926965666,11.3594498584544,3.88604814449729,0,-74.137926965666,11.3594498584544
"2337","gbif3100",-77.983032,25.128851,NA,NA,NA,NA,NA,NA,-77.983032,25.128851
"2338","gbif3101",-77.698067,24.439501,NA,NA,NA,NA,NA,NA,-77.698067,24.439501
"2339","gbif3102",-78.655716,9.51865,NA,NA,NA,NA,NA,NA,-78.655716,9.51865
"2340","gbif3103",-77.465553,21.843334,-77.5131530864073,21.8414227491664,-77.4476754954621,21.8414227491664,1.86018058112082,6.76885112230064,-77.4476754954621,21.8414227491664
"2341","gbif3104",-77.8563,24.84425,NA,NA,NA,NA,NA,NA,-77.8563,24.84425
"2342","gbif3105",-77.537033,24.097931,-77.5637787323847,24.0913518378895,-77.5143545100944,24.1089292330493,2.60773285796534,5.38905128935586,-77.5143545100944,24.1089292330493
"2343","gbif3106",-77.693176,24.6259,NA,NA,NA,NA,NA,NA,-77.693176,24.6259
"2344","gbif3107",-77.647881,24.3013,NA,NA,NA,NA,NA,NA,-77.647881,24.3013
"2345","gbif3108",-77.983032,25.128851,NA,NA,NA,NA,NA,NA,-77.983032,25.128851
"2346","gbif3109",-77.68235,24.367029,NA,NA,NA,NA,NA,NA,-77.68235,24.367029
"2347","gbif311",-74.128361,11.325611,-74.137926965666,11.3594498584544,-74.137926965666,11.3594498584544,3.88604814449729,0,-74.137926965666,11.3594498584544
"2348","gbif3110",-77.937828,25.063669,-77.9796848016266,25.0642250659524,-77.9144285978885,25.0426083734717,3.31929246221483,7.00663945943426,-77.9144285978885,25.0426083734717
"2349","gbif3111",-77.646202,24.29167,NA,NA,NA,NA,NA,NA,-77.646202,24.29167
"2350","gbif3112",-77.646202,24.29167,NA,NA,NA,NA,NA,NA,-77.646202,24.29167
"2351","gbif3113",-87.699867,16.914351,NA,NA,NA,NA,NA,NA,-87.699867,16.914351
"2352","gbif3114",-79.755836,22.946667,NA,NA,NA,NA,NA,NA,-79.755836,22.946667
"2353","gbif3115",-87.410469,18.408817,NA,NA,NA,NA,NA,NA,-87.410469,18.408817
"2354","gbif3116",-74.449997,24.139999,NA,NA,NA,NA,NA,NA,-74.449997,24.139999
"2355","gbif3117",-78.12722,22.4825,NA,NA,NA,NA,NA,NA,-78.12722,22.4825
"2356","gbif3118",-87.313454,18.770166,NA,NA,NA,NA,NA,NA,-87.313454,18.770166
"2357","gbif3119",-88.038086,17.35215,NA,NA,NA,NA,NA,NA,-88.038086,17.35215
"2358","gbif312",-74.128361,11.325611,-74.137926965666,11.3594498584544,-74.137926965666,11.3594498584544,3.88604814449729,0,-74.137926965666,11.3594498584544
"2359","gbif3120",-77.860977,24.844931,NA,NA,NA,NA,NA,NA,-77.860977,24.844931
"2360","gbif3121",-77.647881,24.3013,NA,NA,NA,NA,NA,NA,-77.647881,24.3013
"2361","gbif3122",-77.629173,24.253151,NA,NA,NA,NA,NA,NA,-77.629173,24.253151
"2362","gbif3123",-77.743431,24.69953,-77.7678185908596,24.6926048181617,-77.7143915539915,24.7091515376065,3.12580817886443,5.70867593259974,-77.7143915539915,24.7091515376065
"2363","gbif3124",-66.580452,11.778517,NA,NA,NA,NA,NA,NA,-66.580452,11.778517
"2364","gbif3125",-82.09893,21.51545,NA,NA,NA,NA,NA,NA,-82.09893,21.51545
"2365","gbif3126",-77.698997,24.483999,NA,NA,NA,NA,NA,NA,-77.698997,24.483999
"2366","gbif3127",-77.426369,23.79092,NA,NA,NA,NA,NA,NA,-77.426369,23.79092
"2367","gbif3128",-81.876953,24.452066,NA,NA,NA,NA,NA,NA,-81.876953,24.452066
"2368","gbif3129",-87.305977,20.399799,NA,NA,NA,NA,NA,NA,-87.305977,20.399799
"2369","gbif313",-74.128361,11.325611,-74.137926965666,11.3594498584544,-74.137926965666,11.3594498584544,3.88604814449729,0,-74.137926965666,11.3594498584544
"2370","gbif3130",-77.983032,25.128851,NA,NA,NA,NA,NA,NA,-77.983032,25.128851
"2371","gbif3131",-81.146202,19.291267,NA,NA,NA,NA,NA,NA,-81.146202,19.291267
"2372","gbif3132",-80.022903,19.830517,NA,NA,NA,NA,NA,NA,-80.022903,19.830517
"2373","gbif3133",-88.080002,16.780001,NA,NA,NA,NA,NA,NA,-88.080002,16.780001
"2374","gbif3134",-78.991066,20.833683,NA,NA,NA,NA,NA,NA,-78.991066,20.833683
"2375","gbif3135",-81.430435,21.912434,NA,NA,NA,NA,NA,NA,-81.430435,21.912434
"2376","gbif3136",-78.034332,25.223921,NA,NA,NA,NA,NA,NA,-78.034332,25.223921
"2377","gbif3137",-78.002899,25.160101,NA,NA,NA,NA,NA,NA,-78.002899,25.160101
"2378","gbif3138",-77.101433,18.414867,NA,NA,NA,NA,NA,NA,-77.101433,18.414867
"2379","gbif3139",-78.002899,25.160101,NA,NA,NA,NA,NA,NA,-78.002899,25.160101
"2380","gbif314",-74.128361,11.325611,-74.137926965666,11.3594498584544,-74.137926965666,11.3594498584544,3.88604814449729,0,-74.137926965666,11.3594498584544
"2381","gbif3140",-81.514603,22.036051,NA,NA,NA,NA,NA,NA,-81.514603,22.036051
"2382","gbif3141",-71.113632,21.4589,NA,NA,NA,NA,NA,NA,-71.113632,21.4589
"2383","gbif3142",-77.629173,24.253151,NA,NA,NA,NA,NA,NA,-77.629173,24.253151
"2384","gbif3143",-78.693054,22.626667,NA,NA,NA,NA,NA,NA,-78.693054,22.626667
"2385","gbif3144",-77.652779,22.176945,NA,NA,NA,NA,NA,NA,-77.652779,22.176945
"2386","gbif3145",-77.68235,24.367029,NA,NA,NA,NA,NA,NA,-77.68235,24.367029
"2387","gbif3146",-77.860977,24.844931,NA,NA,NA,NA,NA,NA,-77.860977,24.844931
"2388","gbif3147",-87.333969,18.753532,NA,NA,NA,NA,NA,NA,-87.333969,18.753532
"2389","gbif3148",-78.085571,25.313219,NA,NA,NA,NA,NA,NA,-78.085571,25.313219
"2390","gbif3149",-77.647881,24.3013,NA,NA,NA,NA,NA,NA,-77.647881,24.3013
"2391","gbif315",-74.128361,11.325611,-74.137926965666,11.3594498584544,-74.137926965666,11.3594498584544,3.88604814449729,0,-74.137926965666,11.3594498584544
"2392","gbif3150",-77.426369,23.79092,NA,NA,NA,NA,NA,NA,-77.426369,23.79092
"2393","gbif3151",-77.693176,24.6259,NA,NA,NA,NA,NA,NA,-77.693176,24.6259
"2394","gbif3152",-81.635834,21.580917,NA,NA,NA,NA,NA,NA,-81.635834,21.580917
"2395","gbif3153",-81.514603,22.036051,NA,NA,NA,NA,NA,NA,-81.514603,22.036051
"2396","gbif3154",-76.988503,26.397833,NA,NA,NA,NA,NA,NA,-76.988503,26.397833
"2397","gbif3155",-88.139999,16.76,NA,NA,NA,NA,NA,NA,-88.139999,16.76
"2398","gbif3156",-66.74382,11.930083,NA,NA,NA,NA,NA,NA,-66.74382,11.930083
"2399","gbif3157",-78.311119,18.377451,NA,NA,NA,NA,NA,NA,-78.311119,18.377451
"2400","gbif3158",-77.770172,24.72917,-77.7820188029016,24.7192993682217,-77.7810705686238,24.7758429047796,5.28615131931617,6.2640192548897,-77.7810705686238,24.7758429047796
"2401","gbif3159",-81.876953,24.452066,NA,NA,NA,NA,NA,NA,-81.876953,24.452066
"2402","gbif316",-74.128611,11.329861,-74.1370501676457,11.3596875637681,-74.1370501676457,11.3596875637681,3.42549397535746,0,-74.1370501676457,11.3596875637681
"2403","gbif3160",-65.314964,18.338083,-65.3120948323764,18.3112263801408,-65.3120948323764,18.373471656169,3.92868076660646,6.88955059508306,-65.3120948323764,18.373471656169
"2404","gbif3161",-77.698067,24.439501,NA,NA,NA,NA,NA,NA,-77.698067,24.439501
"2405","gbif3162",-82.317146,21.562784,NA,NA,NA,NA,NA,NA,-82.317146,21.562784
"2406","gbif3163",-74.459999,24.16,NA,NA,NA,NA,NA,NA,-74.459999,24.16
"2407","gbif3164",-77.983032,25.128851,NA,NA,NA,NA,NA,NA,-77.983032,25.128851
"2408","gbif3165",-88.074135,16.72345,NA,NA,NA,NA,NA,NA,-88.074135,16.72345
"2409","gbif3166",-77.537033,24.097931,-77.5637787323847,24.0913518378895,-77.5143545100944,24.1089292330493,2.60773285796534,5.38905128935586,-77.5143545100944,24.1089292330493
"2410","gbif3167",-76.287369,18.073833,-76.288387782843,18.0734837289975,-76.24745323208,18.1067061874768,5.57580626439327,5.68289900217628,-76.24745323208,18.1067061874768
"2411","gbif3168",-81.285583,21.8479,-81.3087079617919,21.8414227491664,-81.2483793295055,21.8414227491664,3.91220459364308,6.23656925870371,-81.2483793295055,21.8414227491664
"2412","gbif3169",-82.324165,9.423317,NA,NA,NA,NA,NA,NA,-82.324165,9.423317
"2413","gbif317",-74.128611,11.329861,-74.1370501676457,11.3596875637681,-74.1370501676457,11.3596875637681,3.42549397535746,0,-74.1370501676457,11.3596875637681
"2414","gbif3170",-77.358131,18.463051,-77.3596514970282,18.4802240407351,-77.3596514970282,18.4802240407351,1.90757714924747,0,-77.3596514970282,18.4802240407351
"2415","gbif3171",-81.681801,21.576967,NA,NA,NA,NA,NA,NA,-81.681801,21.576967
"2416","gbif3172",-78.002899,25.160101,NA,NA,NA,NA,NA,NA,-78.002899,25.160101
"2417","gbif3173",-77.861,24.844999,NA,NA,NA,NA,NA,NA,-77.861,24.844999
"2418","gbif3174",-77.770172,24.72917,-77.7820188029016,24.7192993682217,-77.7810705686238,24.7758429047796,5.28615131931617,6.2640192548897,-77.7810705686238,24.7758429047796
"2419","gbif3175",-78.034332,25.223921,NA,NA,NA,NA,NA,NA,-78.034332,25.223921
"2420","gbif3176",-77.8563,24.84425,NA,NA,NA,NA,NA,NA,-77.8563,24.84425
"2421","gbif3177",-77.91893,18.505917,-77.9193917071847,18.5074441847231,-77.9811076125208,18.506854390515,6.56669022114025,6.51741291548042,-77.9811076125208,18.506854390515
"2422","gbif3178",-83.047997,12.19013,NA,NA,NA,NA,NA,NA,-83.047997,12.19013
"2423","gbif3179",-78.349724,22.540277,-78.360665080428,22.5083364208966,-78.3145026856825,22.5083364208966,5.0636035630231,4.74965479207132,-78.3145026856825,22.5083364208966
"2424","gbif318",-77.33625,8.642056,-77.3294575293647,8.6493806160825,-77.3143174661974,8.63653204890701,2.49010468682428,2.18999260871193,-77.3143174661974,8.63653204890701
"2425","gbif3180",-71.113632,21.4589,NA,NA,NA,NA,NA,NA,-71.113632,21.4589
"2426","gbif3181",-81.681801,21.576967,NA,NA,NA,NA,NA,NA,-81.681801,21.576967
"2427","gbif3182",-81.285583,21.8479,-81.3087079617919,21.8414227491664,-81.2483793295055,21.8414227491664,3.91220459364308,6.23656925870371,-81.2483793295055,21.8414227491664
"2428","gbif3183",-81.46685,21.960484,NA,NA,NA,NA,NA,NA,-81.46685,21.960484
"2429","gbif3184",-77.670677,24.343149,NA,NA,NA,NA,NA,NA,-77.670677,24.343149
"2430","gbif3185",-78.034332,25.223921,NA,NA,NA,NA,NA,NA,-78.034332,25.223921
"2431","gbif3186",-87.410469,18.408817,NA,NA,NA,NA,NA,NA,-87.410469,18.408817
"2432","gbif3187",-81.957298,21.586367,NA,NA,NA,NA,NA,NA,-81.957298,21.586367
"2433","gbif3188",-76.946167,26.540333,NA,NA,NA,NA,NA,NA,-76.946167,26.540333
"2434","gbif3189",-78.109665,20.584999,NA,NA,NA,NA,NA,NA,-78.109665,20.584999
"2435","gbif319",-74.128611,11.329861,-74.1370501676457,11.3596875637681,-74.1370501676457,11.3596875637681,3.42549397535746,0,-74.1370501676457,11.3596875637681
"2436","gbif3190",-79.199135,20.968517,NA,NA,NA,NA,NA,NA,-79.199135,20.968517
"2437","gbif3191",-82.304085,21.560801,NA,NA,NA,NA,NA,NA,-82.304085,21.560801
"2438","gbif3192",-79.971634,21.677134,NA,NA,NA,NA,NA,NA,-79.971634,21.677134
"2439","gbif3193",-81.479446,21.969482,NA,NA,NA,NA,NA,NA,-81.479446,21.969482
"2440","gbif3194",-71.113632,21.4589,NA,NA,NA,NA,NA,NA,-71.113632,21.4589
"2441","gbif3195",-81.820747,9.106234,-81.8172577162513,9.11048841249628,-81.7818114465642,9.10337161911821,4.29172752751239,3.97515475100498,-81.7818114465642,9.10337161911821
"2442","gbif3196",-77.861,24.844999,NA,NA,NA,NA,NA,NA,-77.861,24.844999
"2443","gbif3197",-77.38665,23.947599,NA,NA,NA,NA,NA,NA,-77.38665,23.947599
"2444","gbif3198",-77.419022,23.778219,NA,NA,NA,NA,NA,NA,-77.419022,23.778219
"2445","gbif3199",-77.861,24.844999,NA,NA,NA,NA,NA,NA,-77.861,24.844999
"2446","gbif32",-91.972778,20.219222,NA,NA,NA,NA,NA,NA,-91.972778,20.219222
"2447","gbif320",-74.128611,11.329861,-74.1370501676457,11.3596875637681,-74.1370501676457,11.3596875637681,3.42549397535746,0,-74.1370501676457,11.3596875637681
"2448","gbif3200",-79.584999,22.833611,NA,NA,NA,NA,NA,NA,-79.584999,22.833611
"2449","gbif3201",-77.860977,24.844931,NA,NA,NA,NA,NA,NA,-77.860977,24.844931
"2450","gbif3202",-71.113632,21.4589,NA,NA,NA,NA,NA,NA,-71.113632,21.4589
"2451","gbif3203",-77.629173,24.253151,NA,NA,NA,NA,NA,NA,-77.629173,24.253151
"2452","gbif3204",-77.937828,25.063669,-77.9796848016266,25.0642250659524,-77.9144285978885,25.0426083734717,3.31929246221483,7.00663945943426,-77.9144285978885,25.0426083734717
"2453","gbif3205",-79.944298,21.666683,NA,NA,NA,NA,NA,NA,-79.944298,21.666683
"2454","gbif3206",-78.085571,25.313219,NA,NA,NA,NA,NA,NA,-78.085571,25.313219
"2455","gbif3207",-81.247231,21.833334,NA,NA,NA,NA,NA,NA,-81.247231,21.833334
"2456","gbif3208",-81.111313,24.625584,NA,NA,NA,NA,NA,NA,-81.111313,24.625584
"2457","gbif3209",-71.599998,21.299999,NA,NA,NA,NA,NA,NA,-71.599998,21.299999
"2458","gbif321",-74.128611,11.329861,-74.1370501676457,11.3596875637681,-74.1370501676457,11.3596875637681,3.42549397535746,0,-74.1370501676457,11.3596875637681
"2459","gbif3210",-77.652779,22.176945,NA,NA,NA,NA,NA,NA,-77.652779,22.176945
"2460","gbif3211",-80.415115,24.98605,NA,NA,NA,NA,NA,NA,-80.415115,24.98605
"2461","gbif3212",-78.002899,25.160101,NA,NA,NA,NA,NA,NA,-78.002899,25.160101
"2462","gbif3213",-81.425797,21.902267,NA,NA,NA,NA,NA,NA,-81.425797,21.902267
"2463","gbif3214",-82.09893,21.51545,NA,NA,NA,NA,NA,NA,-82.09893,21.51545
"2464","gbif3215",-77.698997,24.483999,NA,NA,NA,NA,NA,NA,-77.698997,24.483999
"2465","gbif3216",-82.449249,21.543533,NA,NA,NA,NA,NA,NA,-82.449249,21.543533
"2466","gbif3217",-76.97683,26.3575,NA,NA,NA,NA,NA,NA,-76.97683,26.3575
"2467","gbif3218",-81.876953,24.452066,NA,NA,NA,NA,NA,NA,-81.876953,24.452066
"2468","gbif3219",-66.592453,11.910633,NA,NA,NA,NA,NA,NA,-66.592453,11.910633
"2469","gbif322",-76.207639,9.380111,NA,NA,NA,NA,NA,NA,-76.207639,9.380111
"2470","gbif3220",-87.287849,18.566816,NA,NA,NA,NA,NA,NA,-87.287849,18.566816
"2471","gbif3221",-81.247231,21.833334,NA,NA,NA,NA,NA,NA,-81.247231,21.833334
"2472","gbif3222",-79.467415,21.079517,NA,NA,NA,NA,NA,NA,-79.467415,21.079517
"2473","gbif3223",-82.9804,12.31568,NA,NA,NA,NA,NA,NA,-82.9804,12.31568
"2474","gbif3224",-77.983032,25.128851,NA,NA,NA,NA,NA,NA,-77.983032,25.128851
"2475","gbif3225",-81.876953,24.452066,NA,NA,NA,NA,NA,NA,-81.876953,24.452066
"2476","gbif3226",-77.68235,24.367029,NA,NA,NA,NA,NA,NA,-77.68235,24.367029
"2477","gbif3227",-77.68235,24.367029,NA,NA,NA,NA,NA,NA,-77.68235,24.367029
"2478","gbif3228",-77.68235,24.367029,NA,NA,NA,NA,NA,NA,-77.68235,24.367029
"2479","gbif3229",-79.584999,22.833611,NA,NA,NA,NA,NA,NA,-79.584999,22.833611
"2480","gbif323",-76.207639,9.380111,NA,NA,NA,NA,NA,NA,-76.207639,9.380111
"2481","gbif3230",-80.259315,25.1408,NA,NA,NA,NA,NA,NA,-80.259315,25.1408
"2482","gbif3231",-79.409164,21.07115,NA,NA,NA,NA,NA,NA,-79.409164,21.07115
"2483","gbif3232",-63.060001,17.995667,NA,NA,NA,NA,NA,NA,-63.060001,17.995667
"2484","gbif3233",-76.988503,26.397833,NA,NA,NA,NA,NA,NA,-76.988503,26.397833
"2485","gbif3234",-77.629173,24.253151,NA,NA,NA,NA,NA,NA,-77.629173,24.253151
"2486","gbif3235",-81.417519,21.891001,NA,NA,NA,NA,NA,NA,-81.417519,21.891001
"2487","gbif3236",-77.861,24.844999,NA,NA,NA,NA,NA,NA,-77.861,24.844999
"2488","gbif3237",-77.68235,24.367029,NA,NA,NA,NA,NA,NA,-77.68235,24.367029
"2489","gbif3238",-78.311119,18.377451,NA,NA,NA,NA,NA,NA,-78.311119,18.377451
"2490","gbif3239",-66.723,11.881133,NA,NA,NA,NA,NA,NA,-66.723,11.881133
"2491","gbif324",-76.207639,9.380111,NA,NA,NA,NA,NA,NA,-76.207639,9.380111
"2492","gbif3240",-78.085571,25.313219,NA,NA,NA,NA,NA,NA,-78.085571,25.313219
"2493","gbif3241",-79.207664,20.966749,NA,NA,NA,NA,NA,NA,-79.207664,20.966749
"2494","gbif3242",-81.635834,21.580917,NA,NA,NA,NA,NA,NA,-81.635834,21.580917
"2495","gbif3243",-71.113632,21.4589,NA,NA,NA,NA,NA,NA,-71.113632,21.4589
"2496","gbif3244",-80.218903,25.208883,NA,NA,NA,NA,NA,NA,-80.218903,25.208883
"2497","gbif3245",-77.861,24.844999,NA,NA,NA,NA,NA,NA,-77.861,24.844999
"2498","gbif3246",-81.180984,21.784901,NA,NA,NA,NA,NA,NA,-81.180984,21.784901
"2499","gbif3247",-83.034698,12.18857,NA,NA,NA,NA,NA,NA,-83.034698,12.18857
"2500","gbif3248",-77.743431,24.69953,-77.7678185908596,24.6926048181617,-77.7143915539915,24.7091515376065,3.12580817886443,5.70867593259974,-77.7143915539915,24.7091515376065
"2501","gbif3249",-77.683723,24.5448,NA,NA,NA,NA,NA,NA,-77.683723,24.5448
"2502","gbif325",-76.207639,9.380111,NA,NA,NA,NA,NA,NA,-76.207639,9.380111
"2503","gbif3250",-77.861,24.844999,NA,NA,NA,NA,NA,NA,-77.861,24.844999
"2504","gbif3251",-77.983032,25.128851,NA,NA,NA,NA,NA,NA,-77.983032,25.128851
"2505","gbif3252",-81.92717,21.595783,NA,NA,NA,NA,NA,NA,-81.92717,21.595783
"2506","gbif3253",-83.034698,12.18857,NA,NA,NA,NA,NA,NA,-83.034698,12.18857
"2507","gbif3254",-79.558151,21.217699,NA,NA,NA,NA,NA,NA,-79.558151,21.217699
"2508","gbif3255",-88.139999,16.76,NA,NA,NA,NA,NA,NA,-88.139999,16.76
"2509","gbif3256",-77.693176,24.6259,NA,NA,NA,NA,NA,NA,-77.693176,24.6259
"2510","gbif3257",-80.301498,25.11875,NA,NA,NA,NA,NA,NA,-80.301498,25.11875
"2511","gbif3258",-81.077934,19.343901,NA,NA,NA,NA,NA,NA,-81.077934,19.343901
"2512","gbif3259",-77.426369,23.79092,NA,NA,NA,NA,NA,NA,-77.426369,23.79092
"2513","gbif326",-76.207639,9.380111,NA,NA,NA,NA,NA,NA,-76.207639,9.380111
"2514","gbif3260",-87.699867,16.914351,NA,NA,NA,NA,NA,NA,-87.699867,16.914351
"2515","gbif3261",-79.103485,20.901316,NA,NA,NA,NA,NA,NA,-79.103485,20.901316
"2516","gbif3262",-81.425797,21.902267,NA,NA,NA,NA,NA,NA,-81.425797,21.902267
"2517","gbif3263",-82.9804,12.31568,NA,NA,NA,NA,NA,NA,-82.9804,12.31568
"2518","gbif3264",-77.858597,24.842171,NA,NA,NA,NA,NA,NA,-77.858597,24.842171
"2519","gbif3265",-79.019485,20.846001,NA,NA,NA,NA,NA,NA,-79.019485,20.846001
"2520","gbif3266",-81.247231,21.833334,NA,NA,NA,NA,NA,NA,-81.247231,21.833334
"2521","gbif3267",-79.944298,21.666683,NA,NA,NA,NA,NA,NA,-79.944298,21.666683
"2522","gbif3268",-74.470001,24.15,NA,NA,NA,NA,NA,NA,-74.470001,24.15
"2523","gbif3269",-74.470001,24.15,NA,NA,NA,NA,NA,NA,-74.470001,24.15
"2524","gbif327",-76.207639,9.380111,NA,NA,NA,NA,NA,NA,-76.207639,9.380111
"2525","gbif3270",-66.723,11.881133,NA,NA,NA,NA,NA,NA,-66.723,11.881133
"2526","gbif3271",-81.46685,21.960484,NA,NA,NA,NA,NA,NA,-81.46685,21.960484
"2527","gbif3272",-79.558151,21.217699,NA,NA,NA,NA,NA,NA,-79.558151,21.217699
"2528","gbif3273",-82.119965,9.26785,-82.1043715701966,9.27078571482599,-82.0485275050935,9.30344572063728,8.78087784501504,7.11993219693636,-82.0485275050935,9.30344572063728
"2529","gbif3274",-81.46685,21.960484,NA,NA,NA,NA,NA,NA,-81.46685,21.960484
"2530","gbif3275",-78.12722,22.4825,NA,NA,NA,NA,NA,NA,-78.12722,22.4825
"2531","gbif3276",-78.034332,25.223921,NA,NA,NA,NA,NA,NA,-78.034332,25.223921
"2532","gbif3277",-88.038086,17.35215,NA,NA,NA,NA,NA,NA,-88.038086,17.35215
"2533","gbif3278",-87.815559,18.324881,NA,NA,NA,NA,NA,NA,-87.815559,18.324881
"2534","gbif3279",-81.417519,21.891001,NA,NA,NA,NA,NA,NA,-81.417519,21.891001
"2535","gbif328",-74.128611,11.329861,-74.1370501676457,11.3596875637681,-74.1370501676457,11.3596875637681,3.42549397535746,0,-74.1370501676457,11.3596875637681
"2536","gbif3280",-82.430786,21.544283,NA,NA,NA,NA,NA,NA,-82.430786,21.544283
"2537","gbif3281",-81.430435,21.912434,NA,NA,NA,NA,NA,NA,-81.430435,21.912434
"2538","gbif3282",-87.410469,18.408817,NA,NA,NA,NA,NA,NA,-87.410469,18.408817
"2539","gbif3283",-77.698997,24.483999,NA,NA,NA,NA,NA,NA,-77.698997,24.483999
"2540","gbif3284",-79.409164,21.07115,NA,NA,NA,NA,NA,NA,-79.409164,21.07115
"2541","gbif3285",-77.8563,24.84425,NA,NA,NA,NA,NA,NA,-77.8563,24.84425
"2542","gbif3286",-77.65638,24.3069,NA,NA,NA,NA,NA,NA,-77.65638,24.3069
"2543","gbif3287",-64.231499,18.666082,NA,NA,NA,NA,NA,NA,-64.231499,18.666082
"2544","gbif3288",-77.68235,24.367029,NA,NA,NA,NA,NA,NA,-77.68235,24.367029
"2545","gbif3289",-77.629173,24.253151,NA,NA,NA,NA,NA,NA,-77.629173,24.253151
"2546","gbif329",-74.128611,11.329861,-74.1370501676457,11.3596875637681,-74.1370501676457,11.3596875637681,3.42549397535746,0,-74.1370501676457,11.3596875637681
"2547","gbif3290",-77.698067,24.439501,NA,NA,NA,NA,NA,NA,-77.698067,24.439501
"2548","gbif3291",-81.585899,21.585649,NA,NA,NA,NA,NA,NA,-81.585899,21.585649
"2549","gbif3292",-78.034332,25.223921,NA,NA,NA,NA,NA,NA,-78.034332,25.223921
"2550","gbif3293",-78.085571,25.313219,NA,NA,NA,NA,NA,NA,-78.085571,25.313219
"2551","gbif3294",-77.8563,24.84425,NA,NA,NA,NA,NA,NA,-77.8563,24.84425
"2552","gbif3295",-78.085571,25.313219,NA,NA,NA,NA,NA,NA,-78.085571,25.313219
"2553","gbif3296",-74.470001,24.15,NA,NA,NA,NA,NA,NA,-74.470001,24.15
"2554","gbif3297",-79.430214,21.067783,NA,NA,NA,NA,NA,NA,-79.430214,21.067783
"2555","gbif3298",-81.515869,22.021616,NA,NA,NA,NA,NA,NA,-81.515869,22.021616
"2556","gbif3299",-77.38237,23.709669,NA,NA,NA,NA,NA,NA,-77.38237,23.709669
"2557","gbif33",-91.972778,20.219222,NA,NA,NA,NA,NA,NA,-91.972778,20.219222
"2558","gbif330",-77.33625,8.642056,-77.3294575293647,8.6493806160825,-77.3143174661974,8.63653204890701,2.49010468682428,2.18999260871193,-77.3143174661974,8.63653204890701
"2559","gbif3300",-77.743431,24.69953,-77.7678185908596,24.6926048181617,-77.7143915539915,24.7091515376065,3.12580817886443,5.70867593259974,-77.7143915539915,24.7091515376065
"2560","gbif3301",-78.655716,9.51865,NA,NA,NA,NA,NA,NA,-78.655716,9.51865
"2561","gbif3302",-77.426369,23.79092,NA,NA,NA,NA,NA,NA,-77.426369,23.79092
"2562","gbif3303",-74.480003,24.16,NA,NA,NA,NA,NA,NA,-74.480003,24.16
"2563","gbif3304",-80.022903,19.830517,NA,NA,NA,NA,NA,NA,-80.022903,19.830517
"2564","gbif3305",-77.983032,25.128851,NA,NA,NA,NA,NA,NA,-77.983032,25.128851
"2565","gbif3306",-82.304085,21.560801,NA,NA,NA,NA,NA,NA,-82.304085,21.560801
"2566","gbif3307",-81.405151,24.546074,NA,NA,NA,NA,NA,NA,-81.405151,24.546074
"2567","gbif3308",-79.019485,20.846001,NA,NA,NA,NA,NA,NA,-79.019485,20.846001
"2568","gbif3309",-79.091263,20.899683,NA,NA,NA,NA,NA,NA,-79.091263,20.899683
"2569","gbif331",-74.128611,11.329861,-74.1370501676457,11.3596875637681,-74.1370501676457,11.3596875637681,3.42549397535746,0,-74.1370501676457,11.3596875637681
"2570","gbif3310",-81.417519,21.891001,NA,NA,NA,NA,NA,NA,-81.417519,21.891001
"2571","gbif3311",-78.034332,25.223921,NA,NA,NA,NA,NA,NA,-78.034332,25.223921
"2572","gbif3312",-79.409164,21.07115,NA,NA,NA,NA,NA,NA,-79.409164,21.07115
"2573","gbif3313",-81.180984,21.784901,NA,NA,NA,NA,NA,NA,-81.180984,21.784901
"2574","gbif3314",-81.46685,21.960484,NA,NA,NA,NA,NA,NA,-81.46685,21.960484
"2575","gbif3315",-81.247231,21.833334,NA,NA,NA,NA,NA,NA,-81.247231,21.833334
"2576","gbif3316",-74.449997,24.139999,NA,NA,NA,NA,NA,NA,-74.449997,24.139999
"2577","gbif3317",-65.248367,18.3311,NA,NA,NA,NA,NA,NA,-65.248367,18.3311
"2578","gbif3318",-81.515869,22.021616,NA,NA,NA,NA,NA,NA,-81.515869,22.021616
"2579","gbif3319",-77.983032,25.128851,NA,NA,NA,NA,NA,NA,-77.983032,25.128851
"2580","gbif332",-74.128611,11.329861,-74.1370501676457,11.3596875637681,-74.1370501676457,11.3596875637681,3.42549397535746,0,-74.1370501676457,11.3596875637681
"2581","gbif3320",-81.249565,21.837933,NA,NA,NA,NA,NA,NA,-81.249565,21.837933
"2582","gbif3321",-79.199135,20.968517,NA,NA,NA,NA,NA,NA,-79.199135,20.968517
"2583","gbif3322",-79.145279,22.653334,NA,NA,NA,NA,NA,NA,-79.145279,22.653334
"2584","gbif3323",-79.430214,21.067783,NA,NA,NA,NA,NA,NA,-79.430214,21.067783
"2585","gbif3324",-77.38237,23.709669,NA,NA,NA,NA,NA,NA,-77.38237,23.709669
"2586","gbif3325",-79.145279,22.653334,NA,NA,NA,NA,NA,NA,-79.145279,22.653334
"2587","gbif3326",-66.705765,11.766367,NA,NA,NA,NA,NA,NA,-66.705765,11.766367
"2588","gbif3327",-81.430435,21.912434,NA,NA,NA,NA,NA,NA,-81.430435,21.912434
"2589","gbif3328",-66.705765,11.766367,NA,NA,NA,NA,NA,NA,-66.705765,11.766367
"2590","gbif3329",-81.515869,22.021616,NA,NA,NA,NA,NA,NA,-81.515869,22.021616
"2591","gbif333",-74.128611,11.329861,-74.1370501676457,11.3596875637681,-74.1370501676457,11.3596875637681,3.42549397535746,0,-74.1370501676457,11.3596875637681
"2592","gbif3330",-71.113632,21.4589,NA,NA,NA,NA,NA,NA,-71.113632,21.4589
"2593","gbif3331",-77.537033,24.097931,-77.5637787323847,24.0913518378895,-77.5143545100944,24.1089292330493,2.60773285796534,5.38905128935586,-77.5143545100944,24.1089292330493
"2594","gbif3332",-82.304085,21.560801,NA,NA,NA,NA,NA,NA,-82.304085,21.560801
"2595","gbif3333",-77.65638,24.3069,NA,NA,NA,NA,NA,NA,-77.65638,24.3069
"2596","gbif3334",-82.449249,21.543533,NA,NA,NA,NA,NA,NA,-82.449249,21.543533
"2597","gbif3335",-79.558151,21.217699,NA,NA,NA,NA,NA,NA,-79.558151,21.217699
"2598","gbif3336",-66.723,11.881133,NA,NA,NA,NA,NA,NA,-66.723,11.881133
"2599","gbif3337",-79.103485,20.901316,NA,NA,NA,NA,NA,NA,-79.103485,20.901316
"2600","gbif3338",-81.681801,21.576967,NA,NA,NA,NA,NA,NA,-81.681801,21.576967
"2601","gbif3339",-79.558151,21.217699,NA,NA,NA,NA,NA,NA,-79.558151,21.217699
"2602","gbif334",-76.207639,9.380111,NA,NA,NA,NA,NA,NA,-76.207639,9.380111
"2603","gbif3340",-81.876953,24.452066,NA,NA,NA,NA,NA,NA,-81.876953,24.452066
"2604","gbif3341",-77.683723,24.5448,NA,NA,NA,NA,NA,NA,-77.683723,24.5448
"2605","gbif3342",-77.38237,23.709669,NA,NA,NA,NA,NA,NA,-77.38237,23.709669
"2606","gbif3343",-78.034332,25.223921,NA,NA,NA,NA,NA,NA,-78.034332,25.223921
"2607","gbif3344",-77.68235,24.367029,NA,NA,NA,NA,NA,NA,-77.68235,24.367029
"2608","gbif3345",-66.74382,11.930083,NA,NA,NA,NA,NA,NA,-66.74382,11.930083
"2609","gbif3346",-87.426613,18.457966,NA,NA,NA,NA,NA,NA,-87.426613,18.457966
"2610","gbif3347",-77.770172,24.72917,-77.7820188029016,24.7192993682217,-77.7810705686238,24.7758429047796,5.28615131931617,6.2640192548897,-77.7810705686238,24.7758429047796
"2611","gbif3348",-79.019485,20.846001,NA,NA,NA,NA,NA,NA,-79.019485,20.846001
"2612","gbif3349",-81.405151,24.546074,NA,NA,NA,NA,NA,NA,-81.405151,24.546074
"2613","gbif335",-76.207639,9.380111,NA,NA,NA,NA,NA,NA,-76.207639,9.380111
"2614","gbif3350",-81.519333,22.09885,NA,NA,NA,NA,NA,NA,-81.519333,22.09885
"2615","gbif3351",-77.858597,24.842171,NA,NA,NA,NA,NA,NA,-77.858597,24.842171
"2616","gbif3352",-77.693176,24.6259,NA,NA,NA,NA,NA,NA,-77.693176,24.6259
"2617","gbif3353",-79.103485,20.901316,NA,NA,NA,NA,NA,NA,-79.103485,20.901316
"2618","gbif3354",-76.949501,26.059834,NA,NA,NA,NA,NA,NA,-76.949501,26.059834
"2619","gbif3355",-81.417519,21.891001,NA,NA,NA,NA,NA,NA,-81.417519,21.891001
"2620","gbif3356",-87.333969,18.753532,NA,NA,NA,NA,NA,NA,-87.333969,18.753532
"2621","gbif3357",-77.68235,24.367029,NA,NA,NA,NA,NA,NA,-77.68235,24.367029
"2622","gbif3358",-65.572502,18.377733,NA,NA,NA,NA,NA,NA,-65.572502,18.377733
"2623","gbif3359",-77.8563,24.84425,NA,NA,NA,NA,NA,NA,-77.8563,24.84425
"2624","gbif336",-76.207639,9.380111,NA,NA,NA,NA,NA,NA,-76.207639,9.380111
"2625","gbif3360",-79.467415,21.079517,NA,NA,NA,NA,NA,NA,-79.467415,21.079517
"2626","gbif3361",-81.957298,21.586367,NA,NA,NA,NA,NA,NA,-81.957298,21.586367
"2627","gbif3362",-74.540001,23.950001,-74.514568224885,23.9755464987032,-74.5804778662715,23.9755464987032,4.99776850253307,6.70769270674922,-74.5804778662715,23.9755464987032
"2628","gbif3363",-87.746132,17.59425,NA,NA,NA,NA,NA,NA,-87.746132,17.59425
"2629","gbif3364",-77.629173,24.253151,NA,NA,NA,NA,NA,NA,-77.629173,24.253151
"2630","gbif3365",-78.002899,25.160101,NA,NA,NA,NA,NA,NA,-78.002899,25.160101
"2631","gbif3366",-77.693176,24.6259,NA,NA,NA,NA,NA,NA,-77.693176,24.6259
"2632","gbif3367",-81.180984,21.784901,NA,NA,NA,NA,NA,NA,-81.180984,21.784901
"2633","gbif3368",-77.691002,24.630671,NA,NA,NA,NA,NA,NA,-77.691002,24.630671
"2634","gbif3369",-81.285583,21.8479,-81.3087079617919,21.8414227491664,-81.2483793295055,21.8414227491664,3.91220459364308,6.23656925870371,-81.2483793295055,21.8414227491664
"2635","gbif337",-76.207639,9.380111,NA,NA,NA,NA,NA,NA,-76.207639,9.380111
"2636","gbif3370",-82.9804,12.31568,NA,NA,NA,NA,NA,NA,-82.9804,12.31568
"2637","gbif3371",-81.417519,21.891001,NA,NA,NA,NA,NA,NA,-81.417519,21.891001
"2638","gbif3372",-87.333969,18.753532,NA,NA,NA,NA,NA,NA,-87.333969,18.753532
"2639","gbif3373",-77.419022,23.778219,NA,NA,NA,NA,NA,NA,-77.419022,23.778219
"2640","gbif3374",-81.247231,21.833334,NA,NA,NA,NA,NA,NA,-81.247231,21.833334
"2641","gbif3375",-79.584999,22.833611,NA,NA,NA,NA,NA,NA,-79.584999,22.833611
"2642","gbif3376",-82.449249,21.543533,NA,NA,NA,NA,NA,NA,-82.449249,21.543533
"2643","gbif3377",-88.038086,17.35215,NA,NA,NA,NA,NA,NA,-88.038086,17.35215
"2644","gbif3378",-88.038086,17.35215,NA,NA,NA,NA,NA,NA,-88.038086,17.35215
"2645","gbif3379",-77.683723,24.5448,NA,NA,NA,NA,NA,NA,-77.683723,24.5448
"2646","gbif338",-76.207639,9.380111,NA,NA,NA,NA,NA,NA,-76.207639,9.380111
"2647","gbif3380",-77.693176,24.6259,NA,NA,NA,NA,NA,NA,-77.693176,24.6259
"2648","gbif3381",-78.002899,25.160101,NA,NA,NA,NA,NA,NA,-78.002899,25.160101
"2649","gbif3382",-82.065933,9.272767,-82.103263513904,9.26535743003132,-82.0485275050935,9.23675435346425,4.41842005211074,6.79569046701186,-82.0485275050935,9.23675435346425
"2650","gbif3383",-76.456932,18.191151,-76.4572595168103,18.1903139212627,-76.447490275977,18.2400889218229,5.50786590709841,5.60528829931112,-76.447490275977,18.2400889218229
"2651","gbif3384",-66.580452,11.778517,NA,NA,NA,NA,NA,NA,-66.580452,11.778517
"2652","gbif3385",-77.698067,24.439501,NA,NA,NA,NA,NA,NA,-77.698067,24.439501
"2653","gbif3386",-77.537033,24.097931,-77.5637787323847,24.0913518378895,-77.5143545100944,24.1089292330493,2.60773285796534,5.38905128935586,-77.5143545100944,24.1089292330493
"2654","gbif3387",-78.693054,22.626667,NA,NA,NA,NA,NA,NA,-78.693054,22.626667
"2655","gbif3388",-77.647881,24.3013,NA,NA,NA,NA,NA,NA,-77.647881,24.3013
"2656","gbif3389",-81.180984,21.784901,NA,NA,NA,NA,NA,NA,-81.180984,21.784901
"2657","gbif339",-76.207639,9.380111,NA,NA,NA,NA,NA,NA,-76.207639,9.380111
"2658","gbif3390",-81.515869,22.021616,NA,NA,NA,NA,NA,NA,-81.515869,22.021616
"2659","gbif3391",-82.9804,12.31568,NA,NA,NA,NA,NA,NA,-82.9804,12.31568
"2660","gbif3392",-65.572502,18.377733,NA,NA,NA,NA,NA,NA,-65.572502,18.377733
"2661","gbif3393",-81.285583,21.8479,-81.3087079617919,21.8414227491664,-81.2483793295055,21.8414227491664,3.91220459364308,6.23656925870371,-81.2483793295055,21.8414227491664
"2662","gbif3394",-77.65638,24.3069,NA,NA,NA,NA,NA,NA,-77.65638,24.3069
"2663","gbif3395",-81.430435,21.912434,NA,NA,NA,NA,NA,NA,-81.430435,21.912434
"2664","gbif3396",-81.822517,9.107567,-81.8189797717767,9.1118850475027,-81.7818114465642,9.10337161911821,4.49859028343895,4.19283034563314,-81.7818114465642,9.10337161911821
"2665","gbif3397",-76.988503,26.397833,NA,NA,NA,NA,NA,NA,-76.988503,26.397833
"2666","gbif3398",-80.218903,25.208883,NA,NA,NA,NA,NA,NA,-80.218903,25.208883
"2667","gbif3399",-79.145279,22.653334,NA,NA,NA,NA,NA,NA,-79.145279,22.653334
"2668","gbif34",-91.961342,20.209181,NA,NA,NA,NA,NA,NA,-91.961342,20.209181
"2669","gbif340",-74.128361,11.325611,-74.137926965666,11.3594498584544,-74.137926965666,11.3594498584544,3.88604814449729,0,-74.137926965666,11.3594498584544
"2670","gbif3400",-77.983032,25.128851,NA,NA,NA,NA,NA,NA,-77.983032,25.128851
"2671","gbif3401",-79.88282,19.680733,NA,NA,NA,NA,NA,NA,-79.88282,19.680733
"2672","gbif3402",-79.430214,21.067783,NA,NA,NA,NA,NA,NA,-79.430214,21.067783
"2673","gbif3403",-66.723,11.881133,NA,NA,NA,NA,NA,NA,-66.723,11.881133
"2674","gbif3404",-78.085571,25.313219,NA,NA,NA,NA,NA,NA,-78.085571,25.313219
"2675","gbif3405",-77.376999,23.696501,NA,NA,NA,NA,NA,NA,-77.376999,23.696501
"2676","gbif3406",-77.983032,25.128851,NA,NA,NA,NA,NA,NA,-77.983032,25.128851
"2677","gbif3407",-77.647881,24.3013,NA,NA,NA,NA,NA,NA,-77.647881,24.3013
"2678","gbif3408",-77.65638,24.3069,NA,NA,NA,NA,NA,NA,-77.65638,24.3069
"2679","gbif3409",-77.91893,18.505917,-77.9193917071847,18.5074441847231,-77.9811076125208,18.506854390515,6.56669022114025,6.51741291548042,-77.9811076125208,18.506854390515
"2680","gbif341",-74.128361,11.325611,-74.137926965666,11.3594498584544,-74.137926965666,11.3594498584544,3.88604814449729,0,-74.137926965666,11.3594498584544
"2681","gbif3410",-79.199135,20.968517,NA,NA,NA,NA,NA,NA,-79.199135,20.968517
"2682","gbif3411",-71.110466,21.43845,NA,NA,NA,NA,NA,NA,-71.110466,21.43845
"2683","gbif3412",-81.425797,21.902267,NA,NA,NA,NA,NA,NA,-81.425797,21.902267
"2684","gbif3413",-77.647881,24.3013,NA,NA,NA,NA,NA,NA,-77.647881,24.3013
"2685","gbif3414",-81.515869,22.021616,NA,NA,NA,NA,NA,NA,-81.515869,22.021616
"2686","gbif3415",-77.698067,24.439501,NA,NA,NA,NA,NA,NA,-77.698067,24.439501
"2687","gbif3416",-77.68235,24.367029,NA,NA,NA,NA,NA,NA,-77.68235,24.367029
"2688","gbif3417",-81.285583,21.8479,-81.3087079617919,21.8414227491664,-81.2483793295055,21.8414227491664,3.91220459364308,6.23656925870371,-81.2483793295055,21.8414227491664
"2689","gbif3418",-77.629173,24.253151,NA,NA,NA,NA,NA,NA,-77.629173,24.253151
"2690","gbif3419",-77.693176,24.6259,NA,NA,NA,NA,NA,NA,-77.693176,24.6259
"2691","gbif342",-74.128361,11.325611,-74.137926965666,11.3594498584544,-74.137926965666,11.3594498584544,3.88604814449729,0,-74.137926965666,11.3594498584544
"2692","gbif3420",-80.415115,24.98605,NA,NA,NA,NA,NA,NA,-80.415115,24.98605
"2693","gbif3421",-77.693176,24.6259,NA,NA,NA,NA,NA,NA,-77.693176,24.6259
"2694","gbif3422",-77.629173,24.253151,NA,NA,NA,NA,NA,NA,-77.629173,24.253151
"2695","gbif3423",-77.983032,25.128851,NA,NA,NA,NA,NA,NA,-77.983032,25.128851
"2696","gbif3424",-78.870499,9.574984,NA,NA,NA,NA,NA,NA,-78.870499,9.574984
"2697","gbif3425",-87.410469,18.408817,NA,NA,NA,NA,NA,NA,-87.410469,18.408817
"2698","gbif3426",-78.885864,20.771233,NA,NA,NA,NA,NA,NA,-78.885864,20.771233
"2699","gbif3427",-82.696503,21.4835,NA,NA,NA,NA,NA,NA,-82.696503,21.4835
"2700","gbif3428",-77.937828,25.063669,-77.9796848016266,25.0642250659524,-77.9144285978885,25.0426083734717,3.31929246221483,7.00663945943426,-77.9144285978885,25.0426083734717
"2701","gbif3429",-78.034332,25.223921,NA,NA,NA,NA,NA,NA,-78.034332,25.223921
"2702","gbif343",-74.128361,11.325611,-74.137926965666,11.3594498584544,-74.137926965666,11.3594498584544,3.88604814449729,0,-74.137926965666,11.3594498584544
"2703","gbif3430",-87.705559,18.708334,NA,NA,NA,NA,NA,NA,-87.705559,18.708334
"2704","gbif3431",-77.683723,24.5448,NA,NA,NA,NA,NA,NA,-77.683723,24.5448
"2705","gbif3432",-77.602501,22.024723,NA,NA,NA,NA,NA,NA,-77.602501,22.024723
"2706","gbif3433",-81.681801,21.576967,NA,NA,NA,NA,NA,NA,-81.681801,21.576967
"2707","gbif3434",-77.693176,24.6259,NA,NA,NA,NA,NA,NA,-77.693176,24.6259
"2708","gbif3435",-87.800682,16.909634,NA,NA,NA,NA,NA,NA,-87.800682,16.909634
"2709","gbif3436",-77.983032,25.128851,NA,NA,NA,NA,NA,NA,-77.983032,25.128851
"2710","gbif3437",-77.983032,25.128851,NA,NA,NA,NA,NA,NA,-77.983032,25.128851
"2711","gbif3438",-82.03257,9.247033,NA,NA,NA,NA,NA,NA,-82.03257,9.247033
"2712","gbif3439",-78.991066,20.833683,NA,NA,NA,NA,NA,NA,-78.991066,20.833683
"2713","gbif344",-74.128361,11.325611,-74.137926965666,11.3594498584544,-74.137926965666,11.3594498584544,3.88604814449729,0,-74.137926965666,11.3594498584544
"2714","gbif3440",-77.647881,24.3013,NA,NA,NA,NA,NA,NA,-77.647881,24.3013
"2715","gbif3441",-78.085571,25.313219,NA,NA,NA,NA,NA,NA,-78.085571,25.313219
"2716","gbif3442",-81.519333,22.09885,NA,NA,NA,NA,NA,NA,-81.519333,22.09885
"2717","gbif3443",-81.105301,19.292749,NA,NA,NA,NA,NA,NA,-81.105301,19.292749
"2718","gbif3444",-87.940002,17.92,NA,NA,NA,NA,NA,NA,-87.940002,17.92
"2719","gbif3445",-79.430214,21.067783,NA,NA,NA,NA,NA,NA,-79.430214,21.067783
"2720","gbif3446",-77.38237,23.709669,NA,NA,NA,NA,NA,NA,-77.38237,23.709669
"2721","gbif3447",-77.861,24.844999,NA,NA,NA,NA,NA,NA,-77.861,24.844999
"2722","gbif3448",-80.301498,25.11875,NA,NA,NA,NA,NA,NA,-80.301498,25.11875
"2723","gbif3449",-77.629173,24.253151,NA,NA,NA,NA,NA,NA,-77.629173,24.253151
"2724","gbif345",-74.128611,11.329861,-74.1370501676457,11.3596875637681,-74.1370501676457,11.3596875637681,3.42549397535746,0,-74.1370501676457,11.3596875637681
"2725","gbif3450",-79.409164,21.07115,NA,NA,NA,NA,NA,NA,-79.409164,21.07115
"2726","gbif3451",-79.467415,21.079517,NA,NA,NA,NA,NA,NA,-79.467415,21.079517
"2727","gbif3452",-77.983032,25.128851,NA,NA,NA,NA,NA,NA,-77.983032,25.128851
"2728","gbif3453",-87.333969,18.753532,NA,NA,NA,NA,NA,NA,-87.333969,18.753532
"2729","gbif3454",-77.68235,24.367029,NA,NA,NA,NA,NA,NA,-77.68235,24.367029
"2730","gbif3455",-81.519333,22.09885,NA,NA,NA,NA,NA,NA,-81.519333,22.09885
"2731","gbif3456",-77.770172,24.72917,-77.7820188029016,24.7192993682217,-77.7810705686238,24.7758429047796,5.28615131931617,6.2640192548897,-77.7810705686238,24.7758429047796
"2732","gbif3457",-78.034332,25.223921,NA,NA,NA,NA,NA,NA,-78.034332,25.223921
"2733","gbif3458",-81.519333,22.09885,NA,NA,NA,NA,NA,NA,-81.519333,22.09885
"2734","gbif3459",-88.139999,16.76,NA,NA,NA,NA,NA,NA,-88.139999,16.76
"2735","gbif346",-74.128611,11.329861,-74.1370501676457,11.3596875637681,-74.1370501676457,11.3596875637681,3.42549397535746,0,-74.1370501676457,11.3596875637681
"2736","gbif3460",-77.743431,24.69953,-77.7678185908596,24.6926048181617,-77.7143915539915,24.7091515376065,3.12580817886443,5.70867593259974,-77.7143915539915,24.7091515376065
"2737","gbif3461",-78.991066,20.833683,NA,NA,NA,NA,NA,NA,-78.991066,20.833683
"2738","gbif3462",-78.311119,18.377451,NA,NA,NA,NA,NA,NA,-78.311119,18.377451
"2739","gbif3463",-77.38237,23.709669,NA,NA,NA,NA,NA,NA,-77.38237,23.709669
"2740","gbif3464",-81.519333,22.09885,NA,NA,NA,NA,NA,NA,-81.519333,22.09885
"2741","gbif3465",-77.537033,24.097931,-77.5637787323847,24.0913518378895,-77.5143545100944,24.1089292330493,2.60773285796534,5.38905128935586,-77.5143545100944,24.1089292330493
"2742","gbif3466",-78.164169,18.1735,NA,NA,NA,NA,NA,NA,-78.164169,18.1735
"2743","gbif3467",-81.180984,21.784901,NA,NA,NA,NA,NA,NA,-81.180984,21.784901
"2744","gbif3468",-78.280998,20.6061,NA,NA,NA,NA,NA,NA,-78.280998,20.6061
"2745","gbif3469",-78.280998,20.6061,NA,NA,NA,NA,NA,NA,-78.280998,20.6061
"2746","gbif347",-74.128611,11.329861,-74.1370501676457,11.3596875637681,-74.1370501676457,11.3596875637681,3.42549397535746,0,-74.1370501676457,11.3596875637681
"2747","gbif3470",-77.629173,24.253151,NA,NA,NA,NA,NA,NA,-77.629173,24.253151
"2748","gbif3471",-80.022903,19.830517,NA,NA,NA,NA,NA,NA,-80.022903,19.830517
"2749","gbif3472",-79.145279,22.653334,NA,NA,NA,NA,NA,NA,-79.145279,22.653334
"2750","gbif3473",-87.82682,18.239201,NA,NA,NA,NA,NA,NA,-87.82682,18.239201
"2751","gbif3474",-77.693176,24.6259,NA,NA,NA,NA,NA,NA,-77.693176,24.6259
"2752","gbif3475",-77.38237,23.709669,NA,NA,NA,NA,NA,NA,-77.38237,23.709669
"2753","gbif3476",-87.410469,18.408817,NA,NA,NA,NA,NA,NA,-87.410469,18.408817
"2754","gbif3477",-81.479446,21.969482,NA,NA,NA,NA,NA,NA,-81.479446,21.969482
"2755","gbif3478",-81.957298,21.586367,NA,NA,NA,NA,NA,NA,-81.957298,21.586367
"2756","gbif3479",-79.199135,20.968517,NA,NA,NA,NA,NA,NA,-79.199135,20.968517
"2757","gbif348",-77.358722,8.662139,-77.3514981860722,8.66964877645336,-77.3809964808298,8.70322341608004,5.16292065713484,4.93223780172266,-77.3809964808298,8.70322341608004
"2758","gbif3480",-71.599998,21.299999,NA,NA,NA,NA,NA,NA,-71.599998,21.299999
"2759","gbif3481",-82.317146,21.562784,NA,NA,NA,NA,NA,NA,-82.317146,21.562784
"2760","gbif3482",-77.602501,22.024723,NA,NA,NA,NA,NA,NA,-77.602501,22.024723
"2761","gbif3483",-82.449249,21.543533,NA,NA,NA,NA,NA,NA,-82.449249,21.543533
"2762","gbif3484",-77.861,24.844999,NA,NA,NA,NA,NA,NA,-77.861,24.844999
"2763","gbif3485",-77.537033,24.097931,-77.5637787323847,24.0913518378895,-77.5143545100944,24.1089292330493,2.60773285796534,5.38905128935586,-77.5143545100944,24.1089292330493
"2764","gbif3486",-81.515869,22.021616,NA,NA,NA,NA,NA,NA,-81.515869,22.021616
"2765","gbif3487",-78.085571,25.313219,NA,NA,NA,NA,NA,NA,-78.085571,25.313219
"2766","gbif3488",-87.313454,18.770166,NA,NA,NA,NA,NA,NA,-87.313454,18.770166
"2767","gbif3489",-65.570419,18.354666,NA,NA,NA,NA,NA,NA,-65.570419,18.354666
"2768","gbif349",-74.128361,11.325611,-74.137926965666,11.3594498584544,-74.137926965666,11.3594498584544,3.88604814449729,0,-74.137926965666,11.3594498584544
"2769","gbif3490",-82.696503,21.4835,NA,NA,NA,NA,NA,NA,-82.696503,21.4835
"2770","gbif3491",-81.430435,21.912434,NA,NA,NA,NA,NA,NA,-81.430435,21.912434
"2771","gbif3492",-81.405151,24.546074,NA,NA,NA,NA,NA,NA,-81.405151,24.546074
"2772","gbif3493",-77.693176,24.6259,NA,NA,NA,NA,NA,NA,-77.693176,24.6259
"2773","gbif3494",-82.371284,21.536434,NA,NA,NA,NA,NA,NA,-82.371284,21.536434
"2774","gbif3495",-77.8563,24.84425,NA,NA,NA,NA,NA,NA,-77.8563,24.84425
"2775","gbif3496",-79.558151,21.217699,NA,NA,NA,NA,NA,NA,-79.558151,21.217699
"2776","gbif3497",-66.895233,11.792334,NA,NA,NA,NA,NA,NA,-66.895233,11.792334
"2777","gbif3498",-77.465553,21.843334,-77.5131530864073,21.8414227491664,-77.4476754954621,21.8414227491664,1.86018058112082,6.76885112230064,-77.4476754954621,21.8414227491664
"2778","gbif3499",-77.419022,23.778219,NA,NA,NA,NA,NA,NA,-77.419022,23.778219
"2779","gbif35",-91.394728,22.103333,NA,NA,NA,NA,NA,NA,-91.394728,22.103333
"2780","gbif350",-74.128361,11.325611,-74.137926965666,11.3594498584544,-74.137926965666,11.3594498584544,3.88604814449729,0,-74.137926965666,11.3594498584544
"2781","gbif3500",-77.537033,24.097931,-77.5637787323847,24.0913518378895,-77.5143545100944,24.1089292330493,2.60773285796534,5.38905128935586,-77.5143545100944,24.1089292330493
"2782","gbif3501",-65.248367,18.3311,NA,NA,NA,NA,NA,NA,-65.248367,18.3311
"2783","gbif3502",-77.646202,24.29167,NA,NA,NA,NA,NA,NA,-77.646202,24.29167
"2784","gbif3503",-79.558151,21.217699,NA,NA,NA,NA,NA,NA,-79.558151,21.217699
"2785","gbif3504",-78.002899,25.160101,NA,NA,NA,NA,NA,NA,-78.002899,25.160101
"2786","gbif3505",-81.417519,21.891001,NA,NA,NA,NA,NA,NA,-81.417519,21.891001
"2787","gbif3506",-77.647881,24.3013,NA,NA,NA,NA,NA,NA,-77.647881,24.3013
"2788","gbif3507",-77.029167,18.423082,NA,NA,NA,NA,NA,NA,-77.029167,18.423082
"2789","gbif3508",-78.002899,25.160101,NA,NA,NA,NA,NA,NA,-78.002899,25.160101
"2790","gbif3509",-77.698067,24.439501,NA,NA,NA,NA,NA,NA,-77.698067,24.439501
"2791","gbif351",-77.358722,8.662139,-77.3514981860722,8.66964877645336,-77.3809964808298,8.70322341608004,5.16292065713484,4.93223780172266,-77.3809964808298,8.70322341608004
"2792","gbif3510",-76.950386,26.532284,NA,NA,NA,NA,NA,NA,-76.950386,26.532284
"2793","gbif3511",-77.65638,24.3069,NA,NA,NA,NA,NA,NA,-77.65638,24.3069
"2794","gbif3512",-81.197563,21.804667,NA,NA,NA,NA,NA,NA,-81.197563,21.804667
"2795","gbif3513",-79.091263,20.899683,NA,NA,NA,NA,NA,NA,-79.091263,20.899683
"2796","gbif3514",-78.034332,25.223921,NA,NA,NA,NA,NA,NA,-78.034332,25.223921
"2797","gbif3515",-77.860977,24.844931,NA,NA,NA,NA,NA,NA,-77.860977,24.844931
"2798","gbif3516",-77.858597,24.842171,NA,NA,NA,NA,NA,NA,-77.858597,24.842171
"2799","gbif3517",-77.629173,24.253151,NA,NA,NA,NA,NA,NA,-77.629173,24.253151
"2800","gbif3518",-78.12722,22.4825,NA,NA,NA,NA,NA,NA,-78.12722,22.4825
"2801","gbif3519",-82.805,9.738334,NA,NA,NA,NA,NA,NA,-82.805,9.738334
"2802","gbif352",-74.128361,11.325611,-74.137926965666,11.3594498584544,-74.137926965666,11.3594498584544,3.88604814449729,0,-74.137926965666,11.3594498584544
"2803","gbif3520",-82.119965,9.26785,-82.1043715701966,9.27078571482599,-82.0485275050935,9.30344572063728,8.78087784501504,7.11993219693636,-82.0485275050935,9.30344572063728
"2804","gbif3521",-77.8563,24.84425,NA,NA,NA,NA,NA,NA,-77.8563,24.84425
"2805","gbif3522",-77.38237,23.709669,NA,NA,NA,NA,NA,NA,-77.38237,23.709669
"2806","gbif3523",-78.012581,18.457783,-78.0136067522523,18.4667927133692,-77.9811076125208,18.506854390515,6.36787866263645,5.6073773036097,-77.9811076125208,18.506854390515
"2807","gbif3524",-77.698067,24.439501,NA,NA,NA,NA,NA,NA,-77.698067,24.439501
"2808","gbif3525",-82.430786,21.544283,NA,NA,NA,NA,NA,NA,-82.430786,21.544283
"2809","gbif3526",-87.980034,16.528667,NA,NA,NA,NA,NA,NA,-87.980034,16.528667
"2810","gbif3527",-66.705765,11.766367,NA,NA,NA,NA,NA,NA,-66.705765,11.766367
"2811","gbif3528",-81.957298,21.586367,NA,NA,NA,NA,NA,NA,-81.957298,21.586367
"2812","gbif3529",-78.991066,20.833683,NA,NA,NA,NA,NA,NA,-78.991066,20.833683
"2813","gbif353",-77.358722,8.662139,-77.3514981860722,8.66964877645336,-77.3809964808298,8.70322341608004,5.16292065713484,4.93223780172266,-77.3809964808298,8.70322341608004
"2814","gbif3530",-74.470001,24.15,NA,NA,NA,NA,NA,NA,-74.470001,24.15
"2815","gbif3531",-79.091263,20.899683,NA,NA,NA,NA,NA,NA,-79.091263,20.899683
"2816","gbif3532",-77.629173,24.253151,NA,NA,NA,NA,NA,NA,-77.629173,24.253151
"2817","gbif3533",-74.540001,23.950001,-74.514568224885,23.9755464987032,-74.5804778662715,23.9755464987032,4.99776850253307,6.70769270674922,-74.5804778662715,23.9755464987032
"2818","gbif3534",-77.8563,24.84425,NA,NA,NA,NA,NA,NA,-77.8563,24.84425
"2819","gbif3535",-77.670677,24.343149,NA,NA,NA,NA,NA,NA,-77.670677,24.343149
"2820","gbif3536",-79.944298,21.666683,NA,NA,NA,NA,NA,NA,-79.944298,21.666683
"2821","gbif3537",-78.280998,20.6061,NA,NA,NA,NA,NA,NA,-78.280998,20.6061
"2822","gbif3538",-77.983032,25.128851,NA,NA,NA,NA,NA,NA,-77.983032,25.128851
"2823","gbif3539",-74.540001,23.950001,-74.514568224885,23.9755464987032,-74.5804778662715,23.9755464987032,4.99776850253307,6.70769270674922,-74.5804778662715,23.9755464987032
"2824","gbif354",-77.33625,8.642056,-77.3294575293647,8.6493806160825,-77.3143174661974,8.63653204890701,2.49010468682428,2.18999260871193,-77.3143174661974,8.63653204890701
"2825","gbif3540",-77.629173,24.253151,NA,NA,NA,NA,NA,NA,-77.629173,24.253151
"2826","gbif3541",-81.519333,22.09885,NA,NA,NA,NA,NA,NA,-81.519333,22.09885
"2827","gbif3542",-77.807716,24.774349,-77.8237235889751,24.7610184835926,-77.7810705686238,24.7758429047796,2.69981166057824,4.61582272947461,-77.7810705686238,24.7758429047796
"2828","gbif3543",-81.957298,21.586367,NA,NA,NA,NA,NA,NA,-81.957298,21.586367
"2829","gbif3544",-81.957298,21.586367,NA,NA,NA,NA,NA,NA,-81.957298,21.586367
"2830","gbif3545",-80.218903,25.208883,NA,NA,NA,NA,NA,NA,-80.218903,25.208883
"2831","gbif3546",-87.82682,18.239201,NA,NA,NA,NA,NA,NA,-87.82682,18.239201
"2832","gbif3547",-81.479446,21.969482,NA,NA,NA,NA,NA,NA,-81.479446,21.969482
"2833","gbif3548",-78.280998,20.6061,NA,NA,NA,NA,NA,NA,-78.280998,20.6061
"2834","gbif3549",-78.034332,25.223921,NA,NA,NA,NA,NA,NA,-78.034332,25.223921
"2835","gbif355",-77.358722,8.662139,-77.3514981860722,8.66964877645336,-77.3809964808298,8.70322341608004,5.16292065713484,4.93223780172266,-77.3809964808298,8.70322341608004
"2836","gbif3550",-78.902435,20.772367,NA,NA,NA,NA,NA,NA,-78.902435,20.772367
"2837","gbif3551",-77.38237,23.709669,NA,NA,NA,NA,NA,NA,-77.38237,23.709669
"2838","gbif3552",-77.983032,25.128851,NA,NA,NA,NA,NA,NA,-77.983032,25.128851
"2839","gbif3553",-77.860977,24.844931,NA,NA,NA,NA,NA,NA,-77.860977,24.844931
"2840","gbif3554",-81.425797,21.902267,NA,NA,NA,NA,NA,NA,-81.425797,21.902267
"2841","gbif3555",-77.770172,24.72917,-77.7820188029016,24.7192993682217,-77.7810705686238,24.7758429047796,5.28615131931617,6.2640192548897,-77.7810705686238,24.7758429047796
"2842","gbif3556",-66.884186,11.800233,NA,NA,NA,NA,NA,NA,-66.884186,11.800233
"2843","gbif3557",-87.528214,17.250584,NA,NA,NA,NA,NA,NA,-87.528214,17.250584
"2844","gbif3558",-77.983032,25.128851,NA,NA,NA,NA,NA,NA,-77.983032,25.128851
"2845","gbif3559",-79.584999,22.833611,NA,NA,NA,NA,NA,NA,-79.584999,22.833611
"2846","gbif356",-74.128361,11.325611,-74.137926965666,11.3594498584544,-74.137926965666,11.3594498584544,3.88604814449729,0,-74.137926965666,11.3594498584544
"2847","gbif3560",-82.304085,21.560801,NA,NA,NA,NA,NA,NA,-82.304085,21.560801
"2848","gbif3561",-77.858597,24.842171,NA,NA,NA,NA,NA,NA,-77.858597,24.842171
"2849","gbif3562",-80.218903,25.208883,NA,NA,NA,NA,NA,NA,-80.218903,25.208883
"2850","gbif3563",-81.681801,21.576967,NA,NA,NA,NA,NA,NA,-81.681801,21.576967
"2851","gbif3564",-74.480003,24.16,NA,NA,NA,NA,NA,NA,-74.480003,24.16
"2852","gbif3565",-66.884186,11.800233,NA,NA,NA,NA,NA,NA,-66.884186,11.800233
"2853","gbif3566",-80.415115,24.98605,NA,NA,NA,NA,NA,NA,-80.415115,24.98605
"2854","gbif3567",-81.681801,21.576967,NA,NA,NA,NA,NA,NA,-81.681801,21.576967
"2855","gbif3568",-87.302979,20.402189,NA,NA,NA,NA,NA,NA,-87.302979,20.402189
"2856","gbif3569",-77.8563,24.84425,NA,NA,NA,NA,NA,NA,-77.8563,24.84425
"2857","gbif357",-74.128361,11.325611,-74.137926965666,11.3594498584544,-74.137926965666,11.3594498584544,3.88604814449729,0,-74.137926965666,11.3594498584544
"2858","gbif3570",-79.207664,20.966749,NA,NA,NA,NA,NA,NA,-79.207664,20.966749
"2859","gbif3571",-66.580452,11.778517,NA,NA,NA,NA,NA,NA,-66.580452,11.778517
"2860","gbif3572",-81.425797,21.902267,NA,NA,NA,NA,NA,NA,-81.425797,21.902267
"2861","gbif3573",-82.324165,9.423317,NA,NA,NA,NA,NA,NA,-82.324165,9.423317
"2862","gbif3574",-82.430786,21.544283,NA,NA,NA,NA,NA,NA,-82.430786,21.544283
"2863","gbif3575",-81.515869,22.021616,NA,NA,NA,NA,NA,NA,-81.515869,22.021616
"2864","gbif3576",-77.652779,22.176945,NA,NA,NA,NA,NA,NA,-77.652779,22.176945
"2865","gbif3577",-77.629173,24.253151,NA,NA,NA,NA,NA,NA,-77.629173,24.253151
"2866","gbif3578",-79.145279,22.653334,NA,NA,NA,NA,NA,NA,-79.145279,22.653334
"2867","gbif3579",-76.988503,26.397833,NA,NA,NA,NA,NA,NA,-76.988503,26.397833
"2868","gbif358",-80.330423,25.174282,NA,NA,NA,NA,NA,NA,-80.330423,25.174282
"2869","gbif3580",-78.991066,20.833683,NA,NA,NA,NA,NA,NA,-78.991066,20.833683
"2870","gbif3581",-77.983032,25.128851,NA,NA,NA,NA,NA,NA,-77.983032,25.128851
"2871","gbif3582",-81.515869,22.021616,NA,NA,NA,NA,NA,NA,-81.515869,22.021616
"2872","gbif3583",-77.693176,24.6259,NA,NA,NA,NA,NA,NA,-77.693176,24.6259
"2873","gbif3584",-81.519333,22.09885,NA,NA,NA,NA,NA,NA,-81.519333,22.09885
"2874","gbif3585",-66.580452,11.778517,NA,NA,NA,NA,NA,NA,-66.580452,11.778517
"2875","gbif3586",-77.693176,24.6259,NA,NA,NA,NA,NA,NA,-77.693176,24.6259
"2876","gbif3587",-81.180984,21.784901,NA,NA,NA,NA,NA,NA,-81.180984,21.784901
"2877","gbif3588",-78.085571,25.313219,NA,NA,NA,NA,NA,NA,-78.085571,25.313219
"2878","gbif3589",-65.314964,18.338083,-65.3120948323764,18.3112263801408,-65.3120948323764,18.373471656169,3.92868076660646,6.88955059508306,-65.3120948323764,18.373471656169
"2879","gbif359",-70.156934,18.388182,-70.0917256620842,18.3614432921175,-70.0463048712725,18.373471656169,11.8036069992935,4.98142799300614,-70.0463048712725,18.373471656169
"2880","gbif3590",-77.8563,24.84425,NA,NA,NA,NA,NA,NA,-77.8563,24.84425
"2881","gbif3591",-79.091263,20.899683,NA,NA,NA,NA,NA,NA,-79.091263,20.899683
"2882","gbif3592",-81.430435,21.912434,NA,NA,NA,NA,NA,NA,-81.430435,21.912434
"2883","gbif3593",-74.480003,24.17,NA,NA,NA,NA,NA,NA,-74.480003,24.17
"2884","gbif3594",-82.702919,21.481417,NA,NA,NA,NA,NA,NA,-82.702919,21.481417
"2885","gbif3595",-77.983032,25.128851,NA,NA,NA,NA,NA,NA,-77.983032,25.128851
"2886","gbif3596",-88.038086,17.35215,NA,NA,NA,NA,NA,NA,-88.038086,17.35215
"2887","gbif3597",-77.8563,24.84425,NA,NA,NA,NA,NA,NA,-77.8563,24.84425
"2888","gbif3598",-74.480003,24.16,NA,NA,NA,NA,NA,NA,-74.480003,24.16
"2889","gbif3599",-82.430786,21.544283,NA,NA,NA,NA,NA,NA,-82.430786,21.544283
"2890","gbif36",-91.979972,20.212222,NA,NA,NA,NA,NA,NA,-91.979972,20.212222
"2891","gbif360",-87.967832,18.206063,NA,NA,NA,NA,NA,NA,-87.967832,18.206063
"2892","gbif3600",-77.8563,24.84425,NA,NA,NA,NA,NA,NA,-77.8563,24.84425
"2893","gbif3601",-87.953697,17.355267,NA,NA,NA,NA,NA,NA,-87.953697,17.355267
"2894","gbif3602",-81.479446,21.969482,NA,NA,NA,NA,NA,NA,-81.479446,21.969482
"2895","gbif3603",-77.693176,24.6259,NA,NA,NA,NA,NA,NA,-77.693176,24.6259
"2896","gbif3604",-78.311119,18.377451,NA,NA,NA,NA,NA,NA,-78.311119,18.377451
"2897","gbif3605",-66.895233,11.792334,NA,NA,NA,NA,NA,NA,-66.895233,11.792334
"2898","gbif3606",-77.983032,25.128851,NA,NA,NA,NA,NA,NA,-77.983032,25.128851
"2899","gbif3607",-79.199135,20.968517,NA,NA,NA,NA,NA,NA,-79.199135,20.968517
"2900","gbif3608",-78.034332,25.223921,NA,NA,NA,NA,NA,NA,-78.034332,25.223921
"2901","gbif3609",-71.110466,21.43845,NA,NA,NA,NA,NA,NA,-71.110466,21.43845
"2902","gbif361",-95.953941,19.037096,-95.9584325905151,19.0364610844235,-95.9177625486201,19.0403853278992,3.82578569504569,4.30322772459169,-95.9177625486201,19.0403853278992
"2903","gbif3610",-81.681801,21.576967,NA,NA,NA,NA,NA,NA,-81.681801,21.576967
"2904","gbif3611",-77.698997,24.483999,NA,NA,NA,NA,NA,NA,-77.698997,24.483999
"2905","gbif3612",-78.085571,25.313219,NA,NA,NA,NA,NA,NA,-78.085571,25.313219
"2906","gbif3613",-77.358131,18.463051,-77.3596514970282,18.4802240407351,-77.3596514970282,18.4802240407351,1.90757714924747,0,-77.3596514970282,18.4802240407351
"2907","gbif3614",-77.670677,24.343149,NA,NA,NA,NA,NA,NA,-77.670677,24.343149
"2908","gbif3615",-77.38237,23.709669,NA,NA,NA,NA,NA,NA,-77.38237,23.709669
"2909","gbif3616",-66.723,11.881133,NA,NA,NA,NA,NA,NA,-66.723,11.881133
"2910","gbif3617",-77.101433,18.414867,NA,NA,NA,NA,NA,NA,-77.101433,18.414867
"2911","gbif3618",-82.805,9.738334,NA,NA,NA,NA,NA,NA,-82.805,9.738334
"2912","gbif3619",-78.034332,25.223921,NA,NA,NA,NA,NA,NA,-78.034332,25.223921
"2913","gbif362",-61.068591,14.422575,NA,NA,NA,NA,NA,NA,-61.068591,14.422575
"2914","gbif3620",-77.419022,23.778219,NA,NA,NA,NA,NA,NA,-77.419022,23.778219
"2915","gbif3621",-74.540001,23.950001,-74.514568224885,23.9755464987032,-74.5804778662715,23.9755464987032,4.99776850253307,6.70769270674922,-74.5804778662715,23.9755464987032
"2916","gbif3622",-81.479446,21.969482,NA,NA,NA,NA,NA,NA,-81.479446,21.969482
"2917","gbif3623",-81.515869,22.021616,NA,NA,NA,NA,NA,NA,-81.515869,22.021616
"2918","gbif3624",-82.09893,21.51545,NA,NA,NA,NA,NA,NA,-82.09893,21.51545
"2919","gbif3625",-79.430214,21.067783,NA,NA,NA,NA,NA,NA,-79.430214,21.067783
"2920","gbif3626",-78.69735,9.5158,NA,NA,NA,NA,NA,NA,-78.69735,9.5158
"2921","gbif3627",-76.98317,26.603333,NA,NA,NA,NA,NA,NA,-76.98317,26.603333
"2922","gbif3628",-87.287849,18.566816,NA,NA,NA,NA,NA,NA,-87.287849,18.566816
"2923","gbif3629",-66.723,11.881133,NA,NA,NA,NA,NA,NA,-66.723,11.881133
"2924","gbif363",-59.748745,13.310122,NA,NA,NA,NA,NA,NA,-59.748745,13.310122
"2925","gbif3630",-64.231499,18.666082,NA,NA,NA,NA,NA,NA,-64.231499,18.666082
"2926","gbif3631",-78.085571,25.313219,NA,NA,NA,NA,NA,NA,-78.085571,25.313219
"2927","gbif3632",-76.959,26.577499,NA,NA,NA,NA,NA,NA,-76.959,26.577499
"2928","gbif3633",-79.199135,20.968517,NA,NA,NA,NA,NA,NA,-79.199135,20.968517
"2929","gbif3634",-77.68235,24.367029,NA,NA,NA,NA,NA,NA,-77.68235,24.367029
"2930","gbif3635",-77.65638,24.3069,NA,NA,NA,NA,NA,NA,-77.65638,24.3069
"2931","gbif3636",-78.085571,25.313219,NA,NA,NA,NA,NA,NA,-78.085571,25.313219
"2932","gbif3637",-79.103485,20.901316,NA,NA,NA,NA,NA,NA,-79.103485,20.901316
"2933","gbif3638",-79.290001,21.089817,-79.2924615669568,21.1078177102631,-79.2480088905353,21.1078177102631,4.79668981355737,4.61843747961783,-79.2480088905353,21.1078177102631
"2934","gbif3639",-79.019485,20.846001,NA,NA,NA,NA,NA,NA,-79.019485,20.846001
"2935","gbif364",-76.8201,17.9182,NA,NA,NA,NA,NA,NA,-76.8201,17.9182
"2936","gbif3640",-87.410469,18.408817,NA,NA,NA,NA,NA,NA,-87.410469,18.408817
"2937","gbif3641",-78.085571,25.313219,NA,NA,NA,NA,NA,NA,-78.085571,25.313219
"2938","gbif3642",-77.698997,24.483999,NA,NA,NA,NA,NA,NA,-77.698997,24.483999
"2939","gbif3643",-77.670677,24.343149,NA,NA,NA,NA,NA,NA,-77.670677,24.343149
"2940","gbif3644",-74.540001,23.950001,-74.514568224885,23.9755464987032,-74.5804778662715,23.9755464987032,4.99776850253307,6.70769270674922,-74.5804778662715,23.9755464987032
"2941","gbif3645",-78.085571,25.313219,NA,NA,NA,NA,NA,NA,-78.085571,25.313219
"2942","gbif3646",-77.8563,24.84425,NA,NA,NA,NA,NA,NA,-77.8563,24.84425
"2943","gbif3647",-77.647881,24.3013,NA,NA,NA,NA,NA,NA,-77.647881,24.3013
"2944","gbif3648",-79.430214,21.067783,NA,NA,NA,NA,NA,NA,-79.430214,21.067783
"2945","gbif3649",-83.194504,21.617884,NA,NA,NA,NA,NA,NA,-83.194504,21.617884
"2946","gbif365",-86.999329,20.976032,-86.892757918133,20.907743608744,-86.849416558622,20.907743608744,17.3287924207112,4.50898367805427,-86.849416558622,20.907743608744
"2947","gbif3650",-87.287849,18.566816,NA,NA,NA,NA,NA,NA,-87.287849,18.566816
"2948","gbif3651",-77.983032,25.128851,NA,NA,NA,NA,NA,NA,-77.983032,25.128851
"2949","gbif3652",-78.354134,18.31255,NA,NA,NA,NA,NA,NA,-78.354134,18.31255
"2950","gbif3653",-79.467415,21.079517,NA,NA,NA,NA,NA,NA,-79.467415,21.079517
"2951","gbif3654",-81.285583,21.8479,-81.3087079617919,21.8414227491664,-81.2483793295055,21.8414227491664,3.91220459364308,6.23656925870371,-81.2483793295055,21.8414227491664
"2952","gbif3655",-82.696503,21.4835,NA,NA,NA,NA,NA,NA,-82.696503,21.4835
"2953","gbif3656",-66.723,11.881133,NA,NA,NA,NA,NA,NA,-66.723,11.881133
"2954","gbif3657",-66.592453,11.910633,NA,NA,NA,NA,NA,NA,-66.592453,11.910633
"2955","gbif3658",-78.002899,25.160101,NA,NA,NA,NA,NA,NA,-78.002899,25.160101
"2956","gbif3659",-78.728081,9.488684,NA,NA,NA,NA,NA,NA,-78.728081,9.488684
"2957","gbif366",-86.802164,20.816365,NA,NA,NA,NA,NA,NA,-86.802164,20.816365
"2958","gbif3660",-81.111313,24.625584,NA,NA,NA,NA,NA,NA,-81.111313,24.625584
"2959","gbif3661",-81.430435,21.912434,NA,NA,NA,NA,NA,NA,-81.430435,21.912434
"2960","gbif3662",-79.944298,21.666683,NA,NA,NA,NA,NA,NA,-79.944298,21.666683
"2961","gbif3663",-63.228001,17.649666,-63.2414616532317,17.6398666172657,-63.1783663641415,17.6398666172657,5.37748218152161,6.69554053517968,-63.1783663641415,17.6398666172657
"2962","gbif3664",-79.409164,21.07115,NA,NA,NA,NA,NA,NA,-79.409164,21.07115
"2963","gbif3665",-79.199135,20.968517,NA,NA,NA,NA,NA,NA,-79.199135,20.968517
"2964","gbif3666",-80.0728,19.656866,NA,NA,NA,NA,NA,NA,-80.0728,19.656866
"2965","gbif3667",-77.537033,24.097931,-77.5637787323847,24.0913518378895,-77.5143545100944,24.1089292330493,2.60773285796534,5.38905128935586,-77.5143545100944,24.1089292330493
"2966","gbif3668",-77.937828,25.063669,-77.9796848016266,25.0642250659524,-77.9144285978885,25.0426083734717,3.31929246221483,7.00663945943426,-77.9144285978885,25.0426083734717
"2967","gbif3669",-78.002899,25.160101,NA,NA,NA,NA,NA,NA,-78.002899,25.160101
"2968","gbif367",-71.342686,19.829571,-71.3272977723715,19.8945276232304,-71.3272977723715,19.8945276232304,7.36925098136579,0,-71.3272977723715,19.8945276232304
"2969","gbif3670",-78.885551,9.5436,NA,NA,NA,NA,NA,NA,-78.885551,9.5436
"2970","gbif3671",-79.944298,21.666683,NA,NA,NA,NA,NA,NA,-79.944298,21.666683
"2971","gbif3672",-78.847954,20.811966,NA,NA,NA,NA,NA,NA,-78.847954,20.811966
"2972","gbif3673",-87.953697,17.355267,NA,NA,NA,NA,NA,NA,-87.953697,17.355267
"2973","gbif3674",-77.698997,24.483999,NA,NA,NA,NA,NA,NA,-77.698997,24.483999
"2974","gbif3675",-81.519333,22.09885,NA,NA,NA,NA,NA,NA,-81.519333,22.09885
"2975","gbif3676",-81.876953,24.452066,NA,NA,NA,NA,NA,NA,-81.876953,24.452066
"2976","gbif3677",-74.540001,23.950001,-74.514568224885,23.9755464987032,-74.5804778662715,23.9755464987032,4.99776850253307,6.70769270674922,-74.5804778662715,23.9755464987032
"2977","gbif3678",-81.077934,19.343901,NA,NA,NA,NA,NA,NA,-81.077934,19.343901
"2978","gbif3679",-77.376999,23.696501,NA,NA,NA,NA,NA,NA,-77.376999,23.696501
"2979","gbif368",-63.150084,18.014227,NA,NA,NA,NA,NA,NA,-63.150084,18.014227
"2980","gbif3680",-87.526497,17.221001,NA,NA,NA,NA,NA,NA,-87.526497,17.221001
"2981","gbif3681",-77.376999,23.696501,NA,NA,NA,NA,NA,NA,-77.376999,23.696501
"2982","gbif3682",-81.197563,21.804667,NA,NA,NA,NA,NA,NA,-81.197563,21.804667
"2983","gbif3683",-71.113632,21.4589,NA,NA,NA,NA,NA,NA,-71.113632,21.4589
"2984","gbif3684",-87.443336,19.833334,NA,NA,NA,NA,NA,NA,-87.443336,19.833334
"2985","gbif3685",-80.415115,24.98605,NA,NA,NA,NA,NA,NA,-80.415115,24.98605
"2986","gbif3686",-79.199135,20.968517,NA,NA,NA,NA,NA,NA,-79.199135,20.968517
"2987","gbif3687",-79.584999,22.833611,NA,NA,NA,NA,NA,NA,-79.584999,22.833611
"2988","gbif3688",-79.019485,20.846001,NA,NA,NA,NA,NA,NA,-79.019485,20.846001
"2989","gbif3689",-82.430786,21.544283,NA,NA,NA,NA,NA,NA,-82.430786,21.544283
"2990","gbif369",-61.80221,16.2424,-61.8008084645522,16.2423225726362,-61.8447860714947,16.2393479066321,4.56411891601019,4.71294740565935,-61.8447860714947,16.2393479066321
"2991","gbif3690",-81.197563,21.804667,NA,NA,NA,NA,NA,NA,-81.197563,21.804667
"2992","gbif3691",-77.743431,24.69953,-77.7678185908596,24.6926048181617,-77.7143915539915,24.7091515376065,3.12580817886443,5.70867593259974,-77.7143915539915,24.7091515376065
"2993","gbif3692",-79.409164,21.07115,NA,NA,NA,NA,NA,NA,-79.409164,21.07115
"2994","gbif3693",-77.861,24.844999,NA,NA,NA,NA,NA,NA,-77.861,24.844999
"2995","gbif3694",-78.002899,25.160101,NA,NA,NA,NA,NA,NA,-78.002899,25.160101
"2996","gbif3695",-87.935013,17.385883,NA,NA,NA,NA,NA,NA,-87.935013,17.385883
"2997","gbif3696",-77.465553,21.843334,-77.5131530864073,21.8414227491664,-77.4476754954621,21.8414227491664,1.86018058112082,6.76885112230064,-77.4476754954621,21.8414227491664
"2998","gbif3697",-77.693176,24.6259,NA,NA,NA,NA,NA,NA,-77.693176,24.6259
"2999","gbif3698",-77.647881,24.3013,NA,NA,NA,NA,NA,NA,-77.647881,24.3013
"3000","gbif3699",-78.002899,25.160101,NA,NA,NA,NA,NA,NA,-78.002899,25.160101
"3001","gbif37",-91.961586,20.209586,NA,NA,NA,NA,NA,NA,-91.961586,20.209586
"3002","gbif370",-61.77385,16.09198,NA,NA,NA,NA,NA,NA,-61.77385,16.09198
"3003","gbif3700",-81.519333,22.09885,NA,NA,NA,NA,NA,NA,-81.519333,22.09885
"3004","gbif3701",-81.876953,24.452066,NA,NA,NA,NA,NA,NA,-81.876953,24.452066
"3005","gbif3702",-87.951881,17.342899,NA,NA,NA,NA,NA,NA,-87.951881,17.342899
"3006","gbif3703",-66.705765,11.766367,NA,NA,NA,NA,NA,NA,-66.705765,11.766367
"3007","gbif3704",-77.358131,18.463051,-77.3596514970282,18.4802240407351,-77.3596514970282,18.4802240407351,1.90757714924747,0,-77.3596514970282,18.4802240407351
"3008","gbif3705",-77.38237,23.709669,NA,NA,NA,NA,NA,NA,-77.38237,23.709669
"3009","gbif3706",-79.430214,21.067783,NA,NA,NA,NA,NA,NA,-79.430214,21.067783
"3010","gbif3707",-81.92717,21.595783,NA,NA,NA,NA,NA,NA,-81.92717,21.595783
"3011","gbif3708",-81.46685,21.960484,NA,NA,NA,NA,NA,NA,-81.46685,21.960484
"3012","gbif3709",-82.430786,21.544283,NA,NA,NA,NA,NA,NA,-82.430786,21.544283
"3013","gbif371",-61.46643,16.51155,-61.460228946384,16.5045874953021,-61.511390998333,16.5061133753242,4.83756307063096,5.4647342926482,-61.511390998333,16.5061133753242
"3014","gbif3710",-74.540001,23.950001,-74.514568224885,23.9755464987032,-74.5804778662715,23.9755464987032,4.99776850253307,6.70769270674922,-74.5804778662715,23.9755464987032
"3015","gbif3711",-87.740898,17.570784,NA,NA,NA,NA,NA,NA,-87.740898,17.570784
"3016","gbif3712",-79.928131,21.656967,NA,NA,NA,NA,NA,NA,-79.928131,21.656967
"3017","gbif3713",-81.180984,21.784901,NA,NA,NA,NA,NA,NA,-81.180984,21.784901
"3018","gbif3714",-77.419022,23.778219,NA,NA,NA,NA,NA,NA,-77.419022,23.778219
"3019","gbif3715",-65.314964,18.338083,-65.3120948323764,18.3112263801408,-65.3120948323764,18.373471656169,3.92868076660646,6.88955059508306,-65.3120948323764,18.373471656169
"3020","gbif3716",-77.629173,24.253151,NA,NA,NA,NA,NA,NA,-77.629173,24.253151
"3021","gbif3717",-78.164169,18.1735,NA,NA,NA,NA,NA,NA,-78.164169,18.1735
"3022","gbif3718",-82.119965,9.26785,-82.1043715701966,9.27078571482599,-82.0485275050935,9.30344572063728,8.78087784501504,7.11993219693636,-82.0485275050935,9.30344572063728
"3023","gbif3719",-80.415115,24.98605,NA,NA,NA,NA,NA,NA,-80.415115,24.98605
"3024","gbif372",-61.22053,14.78867,NA,NA,NA,NA,NA,NA,-61.22053,14.78867
"3025","gbif3720",-74.540001,23.950001,-74.514568224885,23.9755464987032,-74.5804778662715,23.9755464987032,4.99776850253307,6.70769270674922,-74.5804778662715,23.9755464987032
"3026","gbif3721",-79.430214,21.067783,NA,NA,NA,NA,NA,NA,-79.430214,21.067783
"3027","gbif3722",-77.693176,24.6259,NA,NA,NA,NA,NA,NA,-77.693176,24.6259
"3028","gbif3723",-79.467415,21.079517,NA,NA,NA,NA,NA,NA,-79.467415,21.079517
"3029","gbif3724",-80.415115,24.98605,NA,NA,NA,NA,NA,NA,-80.415115,24.98605
"3030","gbif3725",-81.876953,24.452066,NA,NA,NA,NA,NA,NA,-81.876953,24.452066
"3031","gbif3726",-77.68235,24.367029,NA,NA,NA,NA,NA,NA,-77.68235,24.367029
"3032","gbif3727",-77.770172,24.72917,-77.7820188029016,24.7192993682217,-77.7810705686238,24.7758429047796,5.28615131931617,6.2640192548897,-77.7810705686238,24.7758429047796
"3033","gbif3728",-80.0728,19.656866,NA,NA,NA,NA,NA,NA,-80.0728,19.656866
"3034","gbif3729",-82.371284,21.536434,NA,NA,NA,NA,NA,NA,-82.371284,21.536434
"3035","gbif373",-63.01208,18.08899,-62.9812866504398,18.0893225597309,-62.9812866504398,18.0893225597309,3.25973543687262,0,-62.9812866504398,18.0893225597309
"3036","gbif3730",-81.430435,21.912434,NA,NA,NA,NA,NA,NA,-81.430435,21.912434
"3037","gbif3731",-64.231499,18.666082,NA,NA,NA,NA,NA,NA,-64.231499,18.666082
"3038","gbif3732",-79.409164,21.07115,NA,NA,NA,NA,NA,NA,-79.409164,21.07115
"3039","gbif3733",-78.085571,25.313219,NA,NA,NA,NA,NA,NA,-78.085571,25.313219
"3040","gbif3734",-78.290947,18.219183,NA,NA,NA,NA,NA,NA,-78.290947,18.219183
"3041","gbif3735",-81.105301,19.292749,NA,NA,NA,NA,NA,NA,-81.105301,19.292749
"3042","gbif3736",-77.376999,23.696501,NA,NA,NA,NA,NA,NA,-77.376999,23.696501
"3043","gbif3737",-76.456932,18.191151,-76.4572595168103,18.1903139212627,-76.447490275977,18.2400889218229,5.50786590709841,5.60528829931112,-76.447490275977,18.2400889218229
"3044","gbif3738",-77.419022,23.778219,NA,NA,NA,NA,NA,NA,-77.419022,23.778219
"3045","gbif3739",-78.002899,25.160101,NA,NA,NA,NA,NA,NA,-78.002899,25.160101
"3046","gbif374",-62.98127,18.1238,NA,NA,NA,NA,NA,NA,-62.98127,18.1238
"3047","gbif3740",-87.82682,18.239201,NA,NA,NA,NA,NA,NA,-87.82682,18.239201
"3048","gbif3741",-77.647881,24.3013,NA,NA,NA,NA,NA,NA,-77.647881,24.3013
"3049","gbif3742",-77.646202,24.29167,NA,NA,NA,NA,NA,NA,-77.646202,24.29167
"3050","gbif3743",-87.299103,20.40765,-87.3143386782219,20.4114746515275,-87.3161696610483,20.3742126713598,4.10818179379925,4.12966084854752,-87.3161696610483,20.3742126713598
"3051","gbif3744",-76.456932,18.191151,-76.4572595168103,18.1903139212627,-76.447490275977,18.2400889218229,5.50786590709841,5.60528829931112,-76.447490275977,18.2400889218229
"3052","gbif3745",-87.980034,16.528667,NA,NA,NA,NA,NA,NA,-87.980034,16.528667
"3053","gbif3746",-79.409164,21.07115,NA,NA,NA,NA,NA,NA,-79.409164,21.07115
"3054","gbif3747",-77.537033,24.097931,-77.5637787323847,24.0913518378895,-77.5143545100944,24.1089292330493,2.60773285796534,5.38905128935586,-77.5143545100944,24.1089292330493
"3055","gbif3748",-66.723,11.881133,NA,NA,NA,NA,NA,NA,-66.723,11.881133
"3056","gbif3749",-79.971634,21.677134,NA,NA,NA,NA,NA,NA,-79.971634,21.677134
"3057","gbif375",-61.21461,14.78133,NA,NA,NA,NA,NA,NA,-61.21461,14.78133
"3058","gbif3750",-87.287849,18.566816,NA,NA,NA,NA,NA,NA,-87.287849,18.566816
"3059","gbif3751",-66.723,11.881133,NA,NA,NA,NA,NA,NA,-66.723,11.881133
"3060","gbif3752",-87.800682,16.909634,NA,NA,NA,NA,NA,NA,-87.800682,16.909634
"3061","gbif3753",-77.691002,24.630671,NA,NA,NA,NA,NA,NA,-77.691002,24.630671
"3062","gbif3754",-81.515869,22.021616,NA,NA,NA,NA,NA,NA,-81.515869,22.021616
"3063","gbif3755",-77.629173,24.253151,NA,NA,NA,NA,NA,NA,-77.629173,24.253151
"3064","gbif3756",-66.580452,11.778517,NA,NA,NA,NA,NA,NA,-66.580452,11.778517
"3065","gbif3757",-79.944298,21.666683,NA,NA,NA,NA,NA,NA,-79.944298,21.666683
"3066","gbif3758",-81.417519,21.891001,NA,NA,NA,NA,NA,NA,-81.417519,21.891001
"3067","gbif3759",-77.68235,24.367029,NA,NA,NA,NA,NA,NA,-77.68235,24.367029
"3068","gbif376",-61.08858,14.52796,NA,NA,NA,NA,NA,NA,-61.08858,14.52796
"3069","gbif3760",-66.580452,11.778517,NA,NA,NA,NA,NA,NA,-66.580452,11.778517
"3070","gbif3761",-79.019485,20.846001,NA,NA,NA,NA,NA,NA,-79.019485,20.846001
"3071","gbif3762",-81.519333,22.09885,NA,NA,NA,NA,NA,NA,-81.519333,22.09885
"3072","gbif3763",-78.885551,9.5436,NA,NA,NA,NA,NA,NA,-78.885551,9.5436
"3073","gbif3764",-78.034332,25.223921,NA,NA,NA,NA,NA,NA,-78.034332,25.223921
"3074","gbif3765",-66.580452,11.778517,NA,NA,NA,NA,NA,NA,-66.580452,11.778517
"3075","gbif3766",-82.430786,21.544283,NA,NA,NA,NA,NA,NA,-82.430786,21.544283
"3076","gbif3767",-78.655716,9.51865,NA,NA,NA,NA,NA,NA,-78.655716,9.51865
"3077","gbif3768",-81.519333,22.09885,NA,NA,NA,NA,NA,NA,-81.519333,22.09885
"3078","gbif3769",-81.515869,22.021616,NA,NA,NA,NA,NA,NA,-81.515869,22.021616
"3079","gbif377",-61.53817,16.42503,-61.5183089129774,16.4242207782984,-61.5780700129654,16.4394220081512,4.54926062317261,6.60053018323581,-61.5780700129654,16.4394220081512
"3080","gbif3770",-77.65638,24.3069,NA,NA,NA,NA,NA,NA,-77.65638,24.3069
"3081","gbif3771",-87.333969,18.753532,NA,NA,NA,NA,NA,NA,-87.333969,18.753532
"3082","gbif3772",-74.470001,24.15,NA,NA,NA,NA,NA,NA,-74.470001,24.15
"3083","gbif3773",-79.558151,21.217699,NA,NA,NA,NA,NA,NA,-79.558151,21.217699
"3084","gbif3774",-77.937828,25.063669,-77.9796848016266,25.0642250659524,-77.9144285978885,25.0426083734717,3.31929246221483,7.00663945943426,-77.9144285978885,25.0426083734717
"3085","gbif3775",-79.558151,21.217699,NA,NA,NA,NA,NA,NA,-79.558151,21.217699
"3086","gbif3776",-78.034332,25.223921,NA,NA,NA,NA,NA,NA,-78.034332,25.223921
"3087","gbif3777",-87.746132,17.59425,NA,NA,NA,NA,NA,NA,-87.746132,17.59425
"3088","gbif3778",-87.980034,16.528667,NA,NA,NA,NA,NA,NA,-87.980034,16.528667
"3089","gbif3779",-66.723,11.881133,NA,NA,NA,NA,NA,NA,-66.723,11.881133
"3090","gbif378",-61.79016,16.16654,-61.783143109551,16.16769602571,-61.8447860714947,16.1726565394591,5.88099113765701,6.61511913930832,-61.8447860714947,16.1726565394591
"3091","gbif3780",-78.693054,22.626667,NA,NA,NA,NA,NA,NA,-78.693054,22.626667
"3092","gbif3781",-77.426369,23.79092,NA,NA,NA,NA,NA,NA,-77.426369,23.79092
"3093","gbif3782",-66.723,11.881133,NA,NA,NA,NA,NA,NA,-66.723,11.881133
"3094","gbif3783",-87.953697,17.355267,NA,NA,NA,NA,NA,NA,-87.953697,17.355267
"3095","gbif3784",-74.480003,24.16,NA,NA,NA,NA,NA,NA,-74.480003,24.16
"3096","gbif3785",-80.289619,25.136316,NA,NA,NA,NA,NA,NA,-80.289619,25.136316
"3097","gbif3786",-78.991066,20.833683,NA,NA,NA,NA,NA,NA,-78.991066,20.833683
"3098","gbif3787",-77.698067,24.439501,NA,NA,NA,NA,NA,NA,-77.698067,24.439501
"3099","gbif3788",-77.647881,24.3013,NA,NA,NA,NA,NA,NA,-77.647881,24.3013
"3100","gbif3789",-77.670677,24.343149,NA,NA,NA,NA,NA,NA,-77.670677,24.343149
"3101","gbif379",-61.62845,15.87166,NA,NA,NA,NA,NA,NA,-61.62845,15.87166
"3102","gbif3790",-77.647881,24.3013,NA,NA,NA,NA,NA,NA,-77.647881,24.3013
"3103","gbif3791",-78.902435,20.772367,NA,NA,NA,NA,NA,NA,-78.902435,20.772367
"3104","gbif3792",-82.317146,21.562784,NA,NA,NA,NA,NA,NA,-82.317146,21.562784
"3105","gbif3793",-77.647881,24.3013,NA,NA,NA,NA,NA,NA,-77.647881,24.3013
"3106","gbif3794",-81.180984,21.784901,NA,NA,NA,NA,NA,NA,-81.180984,21.784901
"3107","gbif3795",-71.599998,21.299999,NA,NA,NA,NA,NA,NA,-71.599998,21.299999
"3108","gbif3796",-79.199135,20.968517,NA,NA,NA,NA,NA,NA,-79.199135,20.968517
"3109","gbif3797",-79.409164,21.07115,NA,NA,NA,NA,NA,NA,-79.409164,21.07115
"3110","gbif3798",-78.085571,25.313219,NA,NA,NA,NA,NA,NA,-78.085571,25.313219
"3111","gbif3799",-76.976387,26.59725,NA,NA,NA,NA,NA,NA,-76.976387,26.59725
"3112","gbif38",-91.399336,22.116553,NA,NA,NA,NA,NA,NA,-91.399336,22.116553
"3113","gbif380",-61.78111,16.17397,-61.7841782287296,16.173240799921,-61.8447860714947,16.1726565394591,6.81117633090966,6.4818382259518,-61.8447860714947,16.1726565394591
"3114","gbif3800",-80.0728,19.656866,NA,NA,NA,NA,NA,NA,-80.0728,19.656866
"3115","gbif3801",-87.287849,18.566816,NA,NA,NA,NA,NA,NA,-87.287849,18.566816
"3116","gbif3802",-79.558151,21.217699,NA,NA,NA,NA,NA,NA,-79.558151,21.217699
"3117","gbif3803",-79.971634,21.677134,NA,NA,NA,NA,NA,NA,-79.971634,21.677134
"3118","gbif3804",-81.285583,21.8479,-81.3087079617919,21.8414227491664,-81.2483793295055,21.8414227491664,3.91220459364308,6.23656925870371,-81.2483793295055,21.8414227491664
"3119","gbif3805",-81.635834,21.580917,NA,NA,NA,NA,NA,NA,-81.635834,21.580917
"3120","gbif3806",-81.519333,22.09885,NA,NA,NA,NA,NA,NA,-81.519333,22.09885
"3121","gbif3807",-78.847954,20.811966,NA,NA,NA,NA,NA,NA,-78.847954,20.811966
"3122","gbif3808",-88.074135,16.72345,NA,NA,NA,NA,NA,NA,-88.074135,16.72345
"3123","gbif3809",-87.313454,18.770166,NA,NA,NA,NA,NA,NA,-87.313454,18.770166
"3124","gbif381",-61.77496,16.09716,NA,NA,NA,NA,NA,NA,-61.77496,16.09716
"3125","gbif3810",-87.302979,20.402189,NA,NA,NA,NA,NA,NA,-87.302979,20.402189
"3126","gbif3811",-77.770172,24.72917,-77.7820188029016,24.7192993682217,-77.7810705686238,24.7758429047796,5.28615131931617,6.2640192548897,-77.7810705686238,24.7758429047796
"3127","gbif3812",-77.65638,24.3069,NA,NA,NA,NA,NA,NA,-77.65638,24.3069
"3128","gbif3813",-77.376999,23.696501,NA,NA,NA,NA,NA,NA,-77.376999,23.696501
"3129","gbif3814",-78.991066,20.833683,NA,NA,NA,NA,NA,NA,-78.991066,20.833683
"3130","gbif3815",-77.8563,24.84425,NA,NA,NA,NA,NA,NA,-77.8563,24.84425
"3131","gbif3816",-78.847954,20.811966,NA,NA,NA,NA,NA,NA,-78.847954,20.811966
"3132","gbif3817",-79.971634,21.677134,NA,NA,NA,NA,NA,NA,-79.971634,21.677134
"3133","gbif3818",-76.988503,26.397833,NA,NA,NA,NA,NA,NA,-76.988503,26.397833
"3134","gbif3819",-77.537033,24.097931,-77.5637787323847,24.0913518378895,-77.5143545100944,24.1089292330493,2.60773285796534,5.38905128935586,-77.5143545100944,24.1089292330493
"3135","gbif382",-61.77496,16.09716,NA,NA,NA,NA,NA,NA,-61.77496,16.09716
"3136","gbif3820",-77.921669,18.50585,-77.9221113855145,18.5064962105404,-77.9811076125208,18.506854390515,6.27762152035762,6.23003623663994,-77.9811076125208,18.506854390515
"3137","gbif3821",-77.693176,24.6259,NA,NA,NA,NA,NA,NA,-77.693176,24.6259
"3138","gbif3822",-81.430435,21.912434,NA,NA,NA,NA,NA,NA,-81.430435,21.912434
"3139","gbif3823",-87.320534,18.519634,NA,NA,NA,NA,NA,NA,-87.320534,18.519634
"3140","gbif3824",-87.746132,17.59425,NA,NA,NA,NA,NA,NA,-87.746132,17.59425
"3141","gbif3825",-78.902435,20.772367,NA,NA,NA,NA,NA,NA,-78.902435,20.772367
"3142","gbif3826",-79.928131,21.656967,NA,NA,NA,NA,NA,NA,-79.928131,21.656967
"3143","gbif3827",-77.68235,24.367029,NA,NA,NA,NA,NA,NA,-77.68235,24.367029
"3144","gbif3828",-81.876953,24.452066,NA,NA,NA,NA,NA,NA,-81.876953,24.452066
"3145","gbif3829",-81.635834,21.580917,NA,NA,NA,NA,NA,NA,-81.635834,21.580917
"3146","gbif383",-61.77496,16.09716,NA,NA,NA,NA,NA,NA,-61.77496,16.09716
"3147","gbif3830",-77.68235,24.367029,NA,NA,NA,NA,NA,NA,-77.68235,24.367029
"3148","gbif3831",-87.299103,20.40765,-87.3143386782219,20.4114746515275,-87.3161696610483,20.3742126713598,4.10818179379925,4.12966084854752,-87.3161696610483,20.3742126713598
"3149","gbif3832",-77.683723,24.5448,NA,NA,NA,NA,NA,NA,-77.683723,24.5448
"3150","gbif3833",-81.197563,21.804667,NA,NA,NA,NA,NA,NA,-81.197563,21.804667
"3151","gbif3834",-77.698997,24.483999,NA,NA,NA,NA,NA,NA,-77.698997,24.483999
"3152","gbif3835",-77.861,24.844999,NA,NA,NA,NA,NA,NA,-77.861,24.844999
"3153","gbif3836",-77.770172,24.72917,-77.7820188029016,24.7192993682217,-77.7810705686238,24.7758429047796,5.28615131931617,6.2640192548897,-77.7810705686238,24.7758429047796
"3154","gbif3837",-63.258499,17.616333,-63.2450453787738,17.6330317877107,-63.2450453787738,17.5731752500926,4.98539105100847,6.62464809148556,-63.2450453787738,17.5731752500926
"3155","gbif3838",-79.755836,22.946667,NA,NA,NA,NA,NA,NA,-79.755836,22.946667
"3156","gbif3839",-88.074135,16.72345,NA,NA,NA,NA,NA,NA,-88.074135,16.72345
"3157","gbif384",-61.70781,15.94837,-61.7025508648531,15.9604860395788,-61.71142804223,15.905891070767,4.71654112666884,6.11564671894459,-61.71142804223,15.905891070767
"3158","gbif3840",-81.180984,21.784901,NA,NA,NA,NA,NA,NA,-81.180984,21.784901
"3159","gbif3841",-78.280998,20.6061,NA,NA,NA,NA,NA,NA,-78.280998,20.6061
"3160","gbif3842",-77.38237,23.709669,NA,NA,NA,NA,NA,NA,-77.38237,23.709669
"3161","gbif3843",-81.635834,21.580917,NA,NA,NA,NA,NA,NA,-81.635834,21.580917
"3162","gbif3844",-79.103485,20.901316,NA,NA,NA,NA,NA,NA,-79.103485,20.901316
"3163","gbif3845",-77.698067,24.439501,NA,NA,NA,NA,NA,NA,-77.698067,24.439501
"3164","gbif3846",-77.983032,25.128851,NA,NA,NA,NA,NA,NA,-77.983032,25.128851
"3165","gbif3847",-74.540001,23.950001,-74.514568224885,23.9755464987032,-74.5804778662715,23.9755464987032,4.99776850253307,6.70769270674922,-74.5804778662715,23.9755464987032
"3166","gbif3848",-78.002899,25.160101,NA,NA,NA,NA,NA,NA,-78.002899,25.160101
"3167","gbif3849",-71.113632,21.4589,NA,NA,NA,NA,NA,NA,-71.113632,21.4589
"3168","gbif385",-61.78454,16.17459,-61.7845256216118,16.1746048787702,-61.8447860714947,16.1726565394591,6.44635690191105,6.4479483024879,-61.8447860714947,16.1726565394591
"3169","gbif3850",-81.105301,19.292749,NA,NA,NA,NA,NA,NA,-81.105301,19.292749
"3170","gbif3851",-78.002899,25.160101,NA,NA,NA,NA,NA,NA,-78.002899,25.160101
"3171","gbif3852",-76.287369,18.073833,-76.288387782843,18.0734837289975,-76.24745323208,18.1067061874768,5.57580626439327,5.68289900217628,-76.24745323208,18.1067061874768
"3172","gbif3853",-77.426369,23.79092,NA,NA,NA,NA,NA,NA,-77.426369,23.79092
"3173","gbif3854",-71.113632,21.4589,NA,NA,NA,NA,NA,NA,-71.113632,21.4589
"3174","gbif3855",-71.110466,21.43845,NA,NA,NA,NA,NA,NA,-71.110466,21.43845
"3175","gbif3856",-71.113632,21.4589,NA,NA,NA,NA,NA,NA,-71.113632,21.4589
"3176","gbif3857",-87.333969,18.753532,NA,NA,NA,NA,NA,NA,-87.333969,18.753532
"3177","gbif3858",-77.691002,24.630671,NA,NA,NA,NA,NA,NA,-77.691002,24.630671
"3178","gbif3859",-78.164169,18.1735,NA,NA,NA,NA,NA,NA,-78.164169,18.1735
"3179","gbif386",-62.97225,18.1225,NA,NA,NA,NA,NA,NA,-62.97225,18.1225
"3180","gbif3860",-77.670677,24.343149,NA,NA,NA,NA,NA,NA,-77.670677,24.343149
"3181","gbif3861",-77.419022,23.778219,NA,NA,NA,NA,NA,NA,-77.419022,23.778219
"3182","gbif3862",-79.103485,20.901316,NA,NA,NA,NA,NA,NA,-79.103485,20.901316
"3183","gbif3863",-77.698067,24.439501,NA,NA,NA,NA,NA,NA,-77.698067,24.439501
"3184","gbif3864",-81.430435,21.912434,NA,NA,NA,NA,NA,NA,-81.430435,21.912434
"3185","gbif3865",-77.983032,25.128851,NA,NA,NA,NA,NA,NA,-77.983032,25.128851
"3186","gbif3866",-77.65638,24.3069,NA,NA,NA,NA,NA,NA,-77.65638,24.3069
"3187","gbif3867",-77.983032,25.128851,NA,NA,NA,NA,NA,NA,-77.983032,25.128851
"3188","gbif3868",-79.103485,20.901316,NA,NA,NA,NA,NA,NA,-79.103485,20.901316
"3189","gbif3869",-74.480003,24.16,NA,NA,NA,NA,NA,NA,-74.480003,24.16
"3190","gbif387",-61.09029,14.5271,NA,NA,NA,NA,NA,NA,-61.09029,14.5271
"3191","gbif3870",-77.537033,24.097931,-77.5637787323847,24.0913518378895,-77.5143545100944,24.1089292330493,2.60773285796534,5.38905128935586,-77.5143545100944,24.1089292330493
"3192","gbif3871",-71.110466,21.43845,NA,NA,NA,NA,NA,NA,-71.110466,21.43845
"3193","gbif3872",-77.983032,25.128851,NA,NA,NA,NA,NA,NA,-77.983032,25.128851
"3194","gbif3873",-78.590469,9.47465,NA,NA,NA,NA,NA,NA,-78.590469,9.47465
"3195","gbif3874",-77.861,24.844999,NA,NA,NA,NA,NA,NA,-77.861,24.844999
"3196","gbif3875",-77.683723,24.5448,NA,NA,NA,NA,NA,NA,-77.683723,24.5448
"3197","gbif3876",-80.218903,25.208883,NA,NA,NA,NA,NA,NA,-80.218903,25.208883
"3198","gbif3877",-81.822517,9.107567,-81.8189797717767,9.1118850475027,-81.7818114465642,9.10337161911821,4.49859028343895,4.19283034563314,-81.7818114465642,9.10337161911821
"3199","gbif3878",-77.807671,24.751329,-77.8110915000961,24.7483862432583,-77.7810705686238,24.7758429047796,3.82252174320534,4.2976284442484,-77.7810705686238,24.7758429047796
"3200","gbif3879",-77.38237,23.709669,NA,NA,NA,NA,NA,NA,-77.38237,23.709669
"3201","gbif388",-62.87456,17.9204,-62.8666931279077,17.9173160494627,-62.9116503056121,17.9066320859578,4.21503651991326,4.90811767679426,-62.9116503056121,17.9066320859578
"3202","gbif3880",-77.983032,25.128851,NA,NA,NA,NA,NA,NA,-77.983032,25.128851
"3203","gbif3881",-71.599998,21.299999,NA,NA,NA,NA,NA,NA,-71.599998,21.299999
"3204","gbif3882",-81.417519,21.891001,NA,NA,NA,NA,NA,NA,-81.417519,21.891001
"3205","gbif3883",-79.145279,22.653334,NA,NA,NA,NA,NA,NA,-79.145279,22.653334
"3206","gbif3884",-76.287369,18.073833,-76.288387782843,18.0734837289975,-76.24745323208,18.1067061874768,5.57580626439327,5.68289900217628,-76.24745323208,18.1067061874768
"3207","gbif3885",-77.029167,18.423082,NA,NA,NA,NA,NA,NA,-77.029167,18.423082
"3208","gbif3886",-78.69735,9.5158,NA,NA,NA,NA,NA,NA,-78.69735,9.5158
"3209","gbif3887",-78.085571,25.313219,NA,NA,NA,NA,NA,NA,-78.085571,25.313219
"3210","gbif3888",-81.515869,22.021616,NA,NA,NA,NA,NA,NA,-81.515869,22.021616
"3211","gbif3889",-79.019485,20.846001,NA,NA,NA,NA,NA,NA,-79.019485,20.846001
"3212","gbif389",-62.97225,18.1225,NA,NA,NA,NA,NA,NA,-62.97225,18.1225
"3213","gbif3890",-66.705765,11.766367,NA,NA,NA,NA,NA,NA,-66.705765,11.766367
"3214","gbif3891",-82.449249,21.543533,NA,NA,NA,NA,NA,NA,-82.449249,21.543533
"3215","gbif3892",-81.07473,19.317633,NA,NA,NA,NA,NA,NA,-81.07473,19.317633
"3216","gbif3893",-80.348152,25.034967,NA,NA,NA,NA,NA,NA,-80.348152,25.034967
"3217","gbif3894",-77.38237,23.709669,NA,NA,NA,NA,NA,NA,-77.38237,23.709669
"3218","gbif3895",-87.959999,17.889999,NA,NA,NA,NA,NA,NA,-87.959999,17.889999
"3219","gbif3896",-78.085571,25.313219,NA,NA,NA,NA,NA,NA,-78.085571,25.313219
"3220","gbif3897",-87.299103,20.40765,-87.3143386782219,20.4114746515275,-87.3161696610483,20.3742126713598,4.10818179379925,4.12966084854752,-87.3161696610483,20.3742126713598
"3221","gbif3898",-77.652779,22.176945,NA,NA,NA,NA,NA,NA,-77.652779,22.176945
"3222","gbif3899",-80.301498,25.11875,NA,NA,NA,NA,NA,NA,-80.301498,25.11875
"3223","gbif39",-89.671694,22.3765,NA,NA,NA,NA,NA,NA,-89.671694,22.3765
"3224","gbif390",-62.97225,18.1225,NA,NA,NA,NA,NA,NA,-62.97225,18.1225
"3225","gbif3900",-77.770172,24.72917,-77.7820188029016,24.7192993682217,-77.7810705686238,24.7758429047796,5.28615131931617,6.2640192548897,-77.7810705686238,24.7758429047796
"3226","gbif3901",-77.646202,24.29167,NA,NA,NA,NA,NA,NA,-77.646202,24.29167
"3227","gbif3902",-80.415115,24.98605,NA,NA,NA,NA,NA,NA,-80.415115,24.98605
"3228","gbif3903",-82.696503,21.4835,NA,NA,NA,NA,NA,NA,-82.696503,21.4835
"3229","gbif3904",-81.519333,22.09885,NA,NA,NA,NA,NA,NA,-81.519333,22.09885
"3230","gbif3905",-77.861,24.844999,NA,NA,NA,NA,NA,NA,-77.861,24.844999
"3231","gbif3906",-77.38237,23.709669,NA,NA,NA,NA,NA,NA,-77.38237,23.709669
"3232","gbif3907",-77.68235,24.367029,NA,NA,NA,NA,NA,NA,-77.68235,24.367029
"3233","gbif3908",-80.301498,25.11875,NA,NA,NA,NA,NA,NA,-80.301498,25.11875
"3234","gbif3909",-77.693176,24.6259,NA,NA,NA,NA,NA,NA,-77.693176,24.6259
"3235","gbif391",-87.986306,17.914952,NA,NA,NA,NA,NA,NA,-87.986306,17.914952
"3236","gbif3910",-77.743431,24.69953,-77.7678185908596,24.6926048181617,-77.7143915539915,24.7091515376065,3.12580817886443,5.70867593259974,-77.7143915539915,24.7091515376065
"3237","gbif3911",-77.38237,23.709669,NA,NA,NA,NA,NA,NA,-77.38237,23.709669
"3238","gbif3912",-77.807671,24.751329,-77.8110915000961,24.7483862432583,-77.7810705686238,24.7758429047796,3.82252174320534,4.2976284442484,-77.7810705686238,24.7758429047796
"3239","gbif3913",-81.514603,22.036051,NA,NA,NA,NA,NA,NA,-81.514603,22.036051
"3240","gbif3914",-77.65638,24.3069,NA,NA,NA,NA,NA,NA,-77.65638,24.3069
"3241","gbif3915",-78.012581,18.457783,-78.0136067522523,18.4667927133692,-77.9811076125208,18.506854390515,6.36787866263645,5.6073773036097,-77.9811076125208,18.506854390515
"3242","gbif3916",-81.519333,22.09885,NA,NA,NA,NA,NA,NA,-81.519333,22.09885
"3243","gbif3917",-81.180984,21.784901,NA,NA,NA,NA,NA,NA,-81.180984,21.784901
"3244","gbif3918",-81.635834,21.580917,NA,NA,NA,NA,NA,NA,-81.635834,21.580917
"3245","gbif3919",-78.902435,20.772367,NA,NA,NA,NA,NA,NA,-78.902435,20.772367
"3246","gbif392",-75.798268,10.36788,NA,NA,NA,NA,NA,NA,-75.798268,10.36788
"3247","gbif3920",-77.8563,24.84425,NA,NA,NA,NA,NA,NA,-77.8563,24.84425
"3248","gbif3921",-77.860977,24.844931,NA,NA,NA,NA,NA,NA,-77.860977,24.844931
"3249","gbif3922",-87.316513,18.510616,NA,NA,NA,NA,NA,NA,-87.316513,18.510616
"3250","gbif3923",-87.908035,17.15505,NA,NA,NA,NA,NA,NA,-87.908035,17.15505
"3251","gbif3924",-77.68235,24.367029,NA,NA,NA,NA,NA,NA,-77.68235,24.367029
"3252","gbif3925",-81.519333,22.09885,NA,NA,NA,NA,NA,NA,-81.519333,22.09885
"3253","gbif3926",-82.065933,9.272767,-82.103263513904,9.26535743003132,-82.0485275050935,9.23675435346425,4.41842005211074,6.79569046701186,-82.0485275050935,9.23675435346425
"3254","gbif3927",-74.540001,23.950001,-74.514568224885,23.9755464987032,-74.5804778662715,23.9755464987032,4.99776850253307,6.70769270674922,-74.5804778662715,23.9755464987032
"3255","gbif3928",-78.847954,20.811966,NA,NA,NA,NA,NA,NA,-78.847954,20.811966
"3256","gbif3929",-81.105301,19.292749,NA,NA,NA,NA,NA,NA,-81.105301,19.292749
"3257","gbif393",-86.502778,15.899786,NA,NA,NA,NA,NA,NA,-86.502778,15.899786
"3258","gbif3930",-82.449249,21.543533,NA,NA,NA,NA,NA,NA,-82.449249,21.543533
"3259","gbif3931",-77.743431,24.69953,-77.7678185908596,24.6926048181617,-77.7143915539915,24.7091515376065,3.12580817886443,5.70867593259974,-77.7143915539915,24.7091515376065
"3260","gbif3932",-78.034332,25.223921,NA,NA,NA,NA,NA,NA,-78.034332,25.223921
"3261","gbif3933",-77.858597,24.842171,NA,NA,NA,NA,NA,NA,-77.858597,24.842171
"3262","gbif3934",-82.449249,21.543533,NA,NA,NA,NA,NA,NA,-82.449249,21.543533
"3263","gbif3935",-78.311119,18.377451,NA,NA,NA,NA,NA,NA,-78.311119,18.377451
"3264","gbif3936",-77.698997,24.483999,NA,NA,NA,NA,NA,NA,-77.698997,24.483999
"3265","gbif3937",-74.480003,24.17,NA,NA,NA,NA,NA,NA,-74.480003,24.17
"3266","gbif3938",-81.957298,21.586367,NA,NA,NA,NA,NA,NA,-81.957298,21.586367
"3267","gbif3939",-65.228485,18.299067,NA,NA,NA,NA,NA,NA,-65.228485,18.299067
"3268","gbif394",-80.834241,22.093734,-80.8345469344584,22.1065605727594,-80.8483052417114,22.0414968506854,5.96363674266625,7.34317743037447,-80.8483052417114,22.0414968506854
"3269","gbif3940",-87.410469,18.408817,NA,NA,NA,NA,NA,NA,-87.410469,18.408817
"3270","gbif3941",-81.405151,24.546074,NA,NA,NA,NA,NA,NA,-81.405151,24.546074
"3271","gbif3942",-82.371284,21.536434,NA,NA,NA,NA,NA,NA,-82.371284,21.536434
"3272","gbif3943",-77.376999,23.696501,NA,NA,NA,NA,NA,NA,-77.376999,23.696501
"3273","gbif3944",-77.376999,23.696501,NA,NA,NA,NA,NA,NA,-77.376999,23.696501
"3274","gbif3945",-77.860977,24.844931,NA,NA,NA,NA,NA,NA,-77.860977,24.844931
"3275","gbif3946",-81.285583,21.8479,-81.3087079617919,21.8414227491664,-81.2483793295055,21.8414227491664,3.91220459364308,6.23656925870371,-81.2483793295055,21.8414227491664
"3276","gbif3947",-81.519333,22.09885,NA,NA,NA,NA,NA,NA,-81.519333,22.09885
"3277","gbif3948",-87.443336,19.833334,NA,NA,NA,NA,NA,NA,-87.443336,19.833334
"3278","gbif3949",-77.770172,24.72917,-77.7820188029016,24.7192993682217,-77.7810705686238,24.7758429047796,5.28615131931617,6.2640192548897,-77.7810705686238,24.7758429047796
"3279","gbif395",-60.666667,11.25,-60.6985724794992,11.2993588716062,-60.6985724794992,11.2993588716062,6.47652256698834,0,-60.6985724794992,11.2993588716062
"3280","gbif3950",-78.349724,22.540277,-78.360665080428,22.5083364208966,-78.3145026856825,22.5083364208966,5.0636035630231,4.74965479207132,-78.3145026856825,22.5083364208966
"3281","gbif3951",-77.983032,25.128851,NA,NA,NA,NA,NA,NA,-77.983032,25.128851
"3282","gbif3952",-81.285583,21.8479,-81.3087079617919,21.8414227491664,-81.2483793295055,21.8414227491664,3.91220459364308,6.23656925870371,-81.2483793295055,21.8414227491664
"3283","gbif3953",-77.647881,24.3013,NA,NA,NA,NA,NA,NA,-77.647881,24.3013
"3284","gbif3954",-77.65638,24.3069,NA,NA,NA,NA,NA,NA,-77.65638,24.3069
"3285","gbif3955",-83.047997,12.19013,NA,NA,NA,NA,NA,NA,-83.047997,12.19013
"3286","gbif3956",-79.584999,22.833611,NA,NA,NA,NA,NA,NA,-79.584999,22.833611
"3287","gbif3957",-81.197563,21.804667,NA,NA,NA,NA,NA,NA,-81.197563,21.804667
"3288","gbif3958",-77.670677,24.343149,NA,NA,NA,NA,NA,NA,-77.670677,24.343149
"3289","gbif3959",-82.119965,9.26785,-82.1043715701966,9.27078571482599,-82.0485275050935,9.30344572063728,8.78087784501504,7.11993219693636,-82.0485275050935,9.30344572063728
"3290","gbif396",-74.223788,11.240529,NA,NA,NA,NA,NA,NA,-74.223788,11.240529
"3291","gbif3960",-77.629173,24.253151,NA,NA,NA,NA,NA,NA,-77.629173,24.253151
"3292","gbif3961",-78.002899,25.160101,NA,NA,NA,NA,NA,NA,-78.002899,25.160101
"3293","gbif3962",-77.683723,24.5448,NA,NA,NA,NA,NA,NA,-77.683723,24.5448
"3294","gbif3963",-77.537033,24.097931,-77.5637787323847,24.0913518378895,-77.5143545100944,24.1089292330493,2.60773285796534,5.38905128935586,-77.5143545100944,24.1089292330493
"3295","gbif3964",-87.443336,19.833334,NA,NA,NA,NA,NA,NA,-87.443336,19.833334
"3296","gbif3965",-77.426369,23.79092,NA,NA,NA,NA,NA,NA,-77.426369,23.79092
"3297","gbif3966",-77.983032,25.128851,NA,NA,NA,NA,NA,NA,-77.983032,25.128851
"3298","gbif3967",-79.091263,20.899683,NA,NA,NA,NA,NA,NA,-79.091263,20.899683
"3299","gbif3968",-87.740898,17.570784,NA,NA,NA,NA,NA,NA,-87.740898,17.570784
"3300","gbif3969",-78.085571,25.313219,NA,NA,NA,NA,NA,NA,-78.085571,25.313219
"3301","gbif397",-71.382332,19.976434,NA,NA,NA,NA,NA,NA,-71.382332,19.976434
"3302","gbif3970",-77.698067,24.439501,NA,NA,NA,NA,NA,NA,-77.698067,24.439501
"3303","gbif3971",-77.693176,24.6259,NA,NA,NA,NA,NA,NA,-77.693176,24.6259
"3304","gbif3972",-77.861,24.844999,NA,NA,NA,NA,NA,NA,-77.861,24.844999
"3305","gbif3973",-74.480003,24.17,NA,NA,NA,NA,NA,NA,-74.480003,24.17
"3306","gbif3974",-80.301498,25.11875,NA,NA,NA,NA,NA,NA,-80.301498,25.11875
"3307","gbif3975",-82.09893,21.51545,NA,NA,NA,NA,NA,NA,-82.09893,21.51545
"3308","gbif3976",-74.470001,24.15,NA,NA,NA,NA,NA,NA,-74.470001,24.15
"3309","gbif3977",-81.180984,21.784901,NA,NA,NA,NA,NA,NA,-81.180984,21.784901
"3310","gbif3978",-77.647881,24.3013,NA,NA,NA,NA,NA,NA,-77.647881,24.3013
"3311","gbif3979",-87.740898,17.570784,NA,NA,NA,NA,NA,NA,-87.740898,17.570784
"3312","gbif398",-86.64423,21.105957,NA,NA,NA,NA,NA,NA,-86.64423,21.105957
"3313","gbif3980",-74.540001,23.950001,-74.514568224885,23.9755464987032,-74.5804778662715,23.9755464987032,4.99776850253307,6.70769270674922,-74.5804778662715,23.9755464987032
"3314","gbif3981",-81.180984,21.784901,NA,NA,NA,NA,NA,NA,-81.180984,21.784901
"3315","gbif3982",-77.983032,25.128851,NA,NA,NA,NA,NA,NA,-77.983032,25.128851
"3316","gbif3983",-81.07473,19.317633,NA,NA,NA,NA,NA,NA,-81.07473,19.317633
"3317","gbif3984",-78.280998,20.6061,NA,NA,NA,NA,NA,NA,-78.280998,20.6061
"3318","gbif3985",-87.316513,18.510616,NA,NA,NA,NA,NA,NA,-87.316513,18.510616
"3319","gbif3986",-87.746132,17.59425,NA,NA,NA,NA,NA,NA,-87.746132,17.59425
"3320","gbif3987",-80.301498,25.11875,NA,NA,NA,NA,NA,NA,-80.301498,25.11875
"3321","gbif3988",-88.080002,16.780001,NA,NA,NA,NA,NA,NA,-88.080002,16.780001
"3322","gbif3989",-79.430214,21.067783,NA,NA,NA,NA,NA,NA,-79.430214,21.067783
"3323","gbif399",-86.815034,20.42615,NA,NA,NA,NA,NA,NA,-86.815034,20.42615
"3324","gbif3990",-66.592453,11.910633,NA,NA,NA,NA,NA,NA,-66.592453,11.910633
"3325","gbif3991",-77.743431,24.69953,-77.7678185908596,24.6926048181617,-77.7143915539915,24.7091515376065,3.12580817886443,5.70867593259974,-77.7143915539915,24.7091515376065
"3326","gbif3992",-77.646202,24.29167,NA,NA,NA,NA,NA,NA,-77.646202,24.29167
"3327","gbif3993",-81.635834,21.580917,NA,NA,NA,NA,NA,NA,-81.635834,21.580917
"3328","gbif3994",-78.991066,20.833683,NA,NA,NA,NA,NA,NA,-78.991066,20.833683
"3329","gbif3995",-87.82682,18.239201,NA,NA,NA,NA,NA,NA,-87.82682,18.239201
"3330","gbif3996",-77.68235,24.367029,NA,NA,NA,NA,NA,NA,-77.68235,24.367029
"3331","gbif3997",-77.770172,24.72917,-77.7820188029016,24.7192993682217,-77.7810705686238,24.7758429047796,5.28615131931617,6.2640192548897,-77.7810705686238,24.7758429047796
"3332","gbif3998",-77.426369,23.79092,NA,NA,NA,NA,NA,NA,-77.426369,23.79092
"3333","gbif3999",-66.580452,11.778517,NA,NA,NA,NA,NA,NA,-66.580452,11.778517
"3334","gbif4",-68.24035,12.301831,NA,NA,NA,NA,NA,NA,-68.24035,12.301831
"3335","gbif40",-91.964269,20.208639,NA,NA,NA,NA,NA,NA,-91.964269,20.208639
"3336","gbif400",-64.596306,17.761806,NA,NA,NA,NA,NA,NA,-64.596306,17.761806
"3337","gbif4000",-87.302979,20.402189,NA,NA,NA,NA,NA,NA,-87.302979,20.402189
"3338","gbif4001",-63.060001,17.995667,NA,NA,NA,NA,NA,NA,-63.060001,17.995667
"3339","gbif4002",-78.034332,25.223921,NA,NA,NA,NA,NA,NA,-78.034332,25.223921
"3340","gbif4003",-79.409164,21.07115,NA,NA,NA,NA,NA,NA,-79.409164,21.07115
"3341","gbif4004",-78.280998,20.6061,NA,NA,NA,NA,NA,NA,-78.280998,20.6061
"3342","gbif4005",-77.683723,24.5448,NA,NA,NA,NA,NA,NA,-77.683723,24.5448
"3343","gbif4006",-77.693176,24.6259,NA,NA,NA,NA,NA,NA,-77.693176,24.6259
"3344","gbif4007",-77.807671,24.751329,-77.8110915000961,24.7483862432583,-77.7810705686238,24.7758429047796,3.82252174320534,4.2976284442484,-77.7810705686238,24.7758429047796
"3345","gbif4008",-81.430435,21.912434,NA,NA,NA,NA,NA,NA,-81.430435,21.912434
"3346","gbif4009",-77.954216,18.456583,-77.9685925354795,18.4778245691165,-77.9685925354795,18.4778245691165,2.79885007420087,0,-77.9685925354795,18.4778245691165
"3347","gbif401",-64.596306,17.761806,NA,NA,NA,NA,NA,NA,-64.596306,17.761806
"3348","gbif4010",-81.957298,21.586367,NA,NA,NA,NA,NA,NA,-81.957298,21.586367
"3349","gbif4011",-78.085571,25.313219,NA,NA,NA,NA,NA,NA,-78.085571,25.313219
"3350","gbif4012",-87.908035,17.15505,NA,NA,NA,NA,NA,NA,-87.908035,17.15505
"3351","gbif4013",-77.68235,24.367029,NA,NA,NA,NA,NA,NA,-77.68235,24.367029
"3352","gbif4014",-77.419022,23.778219,NA,NA,NA,NA,NA,NA,-77.419022,23.778219
"3353","gbif4015",-87.935013,17.385883,NA,NA,NA,NA,NA,NA,-87.935013,17.385883
"3354","gbif4016",-71.110466,21.43845,NA,NA,NA,NA,NA,NA,-71.110466,21.43845
"3355","gbif4017",-81.285583,21.8479,-81.3087079617919,21.8414227491664,-81.2483793295055,21.8414227491664,3.91220459364308,6.23656925870371,-81.2483793295055,21.8414227491664
"3356","gbif4018",-77.426369,23.79092,NA,NA,NA,NA,NA,NA,-77.426369,23.79092
"3357","gbif4019",-79.409164,21.07115,NA,NA,NA,NA,NA,NA,-79.409164,21.07115
"3358","gbif402",-64.611028,17.761139,NA,NA,NA,NA,NA,NA,-64.611028,17.761139
"3359","gbif4020",-82.9804,12.31568,NA,NA,NA,NA,NA,NA,-82.9804,12.31568
"3360","gbif4021",-77.670677,24.343149,NA,NA,NA,NA,NA,NA,-77.670677,24.343149
"3361","gbif4022",-77.807716,24.774349,-77.8237235889751,24.7610184835926,-77.7810705686238,24.7758429047796,2.69981166057824,4.61582272947461,-77.7810705686238,24.7758429047796
"3362","gbif4023",-81.957298,21.586367,NA,NA,NA,NA,NA,NA,-81.957298,21.586367
"3363","gbif4024",-78.002899,25.160101,NA,NA,NA,NA,NA,NA,-78.002899,25.160101
"3364","gbif4025",-96.092224,19.173889,-96.1009703142468,19.1727047963578,-96.0511205778848,19.1737680622453,4.32337052633634,5.24464616105212,-96.0511205778848,19.1737680622453
"3365","gbif4026",-96.068336,19.197222,NA,NA,NA,NA,NA,NA,-96.068336,19.197222
"3366","gbif4027",-81.417519,21.891001,NA,NA,NA,NA,NA,NA,-81.417519,21.891001
"3367","gbif4028",-81.417519,21.891001,NA,NA,NA,NA,NA,NA,-81.417519,21.891001
"3368","gbif4029",-81.519333,22.09885,NA,NA,NA,NA,NA,NA,-81.519333,22.09885
"3369","gbif403",-64.611028,17.761139,NA,NA,NA,NA,NA,NA,-64.611028,17.761139
"3370","gbif4030",-77.860977,24.844931,NA,NA,NA,NA,NA,NA,-77.860977,24.844931
"3371","gbif4031",-78.085571,25.313219,NA,NA,NA,NA,NA,NA,-78.085571,25.313219
"3372","gbif4032",-82.324165,9.423317,NA,NA,NA,NA,NA,NA,-82.324165,9.423317
"3373","gbif4033",-78.085571,25.313219,NA,NA,NA,NA,NA,NA,-78.085571,25.313219
"3374","gbif4034",-77.537033,24.097931,-77.5637787323847,24.0913518378895,-77.5143545100944,24.1089292330493,2.60773285796534,5.38905128935586,-77.5143545100944,24.1089292330493
"3375","gbif4035",-81.519333,22.09885,NA,NA,NA,NA,NA,NA,-81.519333,22.09885
"3376","gbif4036",-77.629173,24.253151,NA,NA,NA,NA,NA,NA,-77.629173,24.253151
"3377","gbif4037",-79.971634,21.677134,NA,NA,NA,NA,NA,NA,-79.971634,21.677134
"3378","gbif4038",-78.034332,25.223921,NA,NA,NA,NA,NA,NA,-78.034332,25.223921
"3379","gbif4039",-77.537033,24.097931,-77.5637787323847,24.0913518378895,-77.5143545100944,24.1089292330493,2.60773285796534,5.38905128935586,-77.5143545100944,24.1089292330493
"3380","gbif4040",-88.074135,16.72345,NA,NA,NA,NA,NA,NA,-88.074135,16.72345
"3381","gbif4041",-77.770172,24.72917,-77.7820188029016,24.7192993682217,-77.7810705686238,24.7758429047796,5.28615131931617,6.2640192548897,-77.7810705686238,24.7758429047796
"3382","gbif4042",-81.515869,22.021616,NA,NA,NA,NA,NA,NA,-81.515869,22.021616
"3383","gbif4043",-74.470001,24.15,NA,NA,NA,NA,NA,NA,-74.470001,24.15
"3384","gbif4044",-66.689034,11.882234,NA,NA,NA,NA,NA,NA,-66.689034,11.882234
"3385","gbif4045",-78.034332,25.223921,NA,NA,NA,NA,NA,NA,-78.034332,25.223921
"3386","gbif4046",-77.770172,24.72917,-77.7820188029016,24.7192993682217,-77.7810705686238,24.7758429047796,5.28615131931617,6.2640192548897,-77.7810705686238,24.7758429047796
"3387","gbif4047",-81.519333,22.09885,NA,NA,NA,NA,NA,NA,-81.519333,22.09885
"3388","gbif4048",-66.723,11.881133,NA,NA,NA,NA,NA,NA,-66.723,11.881133
"3389","gbif4049",-82.304085,21.560801,NA,NA,NA,NA,NA,NA,-82.304085,21.560801
"3390","gbif4050",-80.026031,19.677134,NA,NA,NA,NA,NA,NA,-80.026031,19.677134
"3391","gbif4051",-77.693176,24.6259,NA,NA,NA,NA,NA,NA,-77.693176,24.6259
"3392","gbif4052",-80.301498,25.11875,NA,NA,NA,NA,NA,NA,-80.301498,25.11875
"3393","gbif4053",-81.246681,19.358633,NA,NA,NA,NA,NA,NA,-81.246681,19.358633
"3394","gbif4054",-81.957298,21.586367,NA,NA,NA,NA,NA,NA,-81.957298,21.586367
"3395","gbif4055",-81.46685,21.960484,NA,NA,NA,NA,NA,NA,-81.46685,21.960484
"3396","gbif4056",-77.698997,24.483999,NA,NA,NA,NA,NA,NA,-77.698997,24.483999
"3397","gbif4057",-78.085571,25.313219,NA,NA,NA,NA,NA,NA,-78.085571,25.313219
"3398","gbif4058",-77.8563,24.84425,NA,NA,NA,NA,NA,NA,-77.8563,24.84425
"3399","gbif4059",-83.034401,12.18392,NA,NA,NA,NA,NA,NA,-83.034401,12.18392
"3400","gbif4060",-87.746132,17.59425,NA,NA,NA,NA,NA,NA,-87.746132,17.59425
"3401","gbif4061",-76.988503,26.397833,NA,NA,NA,NA,NA,NA,-76.988503,26.397833
"3402","gbif4062",-78.002899,25.160101,NA,NA,NA,NA,NA,NA,-78.002899,25.160101
"3403","gbif4063",-77.629173,24.253151,NA,NA,NA,NA,NA,NA,-77.629173,24.253151
"3404","gbif4064",-66.895233,11.792334,NA,NA,NA,NA,NA,NA,-66.895233,11.792334
"3405","gbif4065",-61.349133,12.633467,NA,NA,NA,NA,NA,NA,-61.349133,12.633467
"3406","gbif4066",-66.622665,11.954284,NA,NA,NA,NA,NA,NA,-66.622665,11.954284
"3407","gbif4067",-77.861,24.844999,NA,NA,NA,NA,NA,NA,-77.861,24.844999
"3408","gbif4068",-77.032013,18.424801,NA,NA,NA,NA,NA,NA,-77.032013,18.424801
"3409","gbif4069",-66.580452,11.778517,NA,NA,NA,NA,NA,NA,-66.580452,11.778517
"3410","gbif407",-68.212778,10.884444,-68.2317392420471,10.8816176028631,-68.1792924615669,10.9040385327899,4.25433383133292,6.24718793774002,-68.1792924615669,10.9040385327899
"3411","gbif4070",-78.902435,20.772367,NA,NA,NA,NA,NA,NA,-78.902435,20.772367
"3412","gbif4071",-78.034332,25.223921,NA,NA,NA,NA,NA,NA,-78.034332,25.223921
"3413","gbif4072",-77.376999,23.696501,NA,NA,NA,NA,NA,NA,-77.376999,23.696501
"3414","gbif4073",-87.333969,18.753532,NA,NA,NA,NA,NA,NA,-87.333969,18.753532
"3415","gbif4074",-66.723,11.881133,NA,NA,NA,NA,NA,NA,-66.723,11.881133
"3416","gbif4075",-77.693176,24.6259,NA,NA,NA,NA,NA,NA,-77.693176,24.6259
"3417","gbif4076",-77.698067,24.439501,NA,NA,NA,NA,NA,NA,-77.698067,24.439501
"3418","gbif4077",-77.426369,23.79092,NA,NA,NA,NA,NA,NA,-77.426369,23.79092
"3419","gbif4078",-78.728081,9.488684,NA,NA,NA,NA,NA,NA,-78.728081,9.488684
"3420","gbif4079",-81.07473,19.317633,NA,NA,NA,NA,NA,NA,-81.07473,19.317633
"3421","gbif408",-68.879056,12.074194,-68.8777788735003,12.1018313494899,-68.8460826078903,12.0377917747314,5.3948720555574,7.87998129990439,-68.8460826078903,12.0377917747314
"3422","gbif4080",-78.280998,20.6061,NA,NA,NA,NA,NA,NA,-78.280998,20.6061
"3423","gbif4081",-66.723,11.881133,NA,NA,NA,NA,NA,NA,-66.723,11.881133
"3424","gbif4082",-77.691002,24.630671,NA,NA,NA,NA,NA,NA,-77.691002,24.630671
"3425","gbif4083",-77.937828,25.063669,-77.9796848016266,25.0642250659524,-77.9144285978885,25.0426083734717,3.31929246221483,7.00663945943426,-77.9144285978885,25.0426083734717
"3426","gbif4084",-79.019485,20.846001,NA,NA,NA,NA,NA,NA,-79.019485,20.846001
"3427","gbif4085",-66.723,11.881133,NA,NA,NA,NA,NA,NA,-66.723,11.881133
"3428","gbif4086",-77.683723,24.5448,NA,NA,NA,NA,NA,NA,-77.683723,24.5448
"3429","gbif4087",-79.103485,20.901316,NA,NA,NA,NA,NA,NA,-79.103485,20.901316
"3430","gbif4088",-81.681801,21.576967,NA,NA,NA,NA,NA,NA,-81.681801,21.576967
"3431","gbif4089",-77.376999,23.696501,NA,NA,NA,NA,NA,NA,-77.376999,23.696501
"3432","gbif409",-64.678575,18.237631,NA,NA,NA,NA,NA,NA,-64.678575,18.237631
"3433","gbif4090",-81.681801,21.576967,NA,NA,NA,NA,NA,NA,-81.681801,21.576967
"3434","gbif4091",-79.103485,20.901316,NA,NA,NA,NA,NA,NA,-79.103485,20.901316
"3435","gbif4092",-79.558151,21.217699,NA,NA,NA,NA,NA,NA,-79.558151,21.217699
"3436","gbif4093",-78.085571,25.313219,NA,NA,NA,NA,NA,NA,-78.085571,25.313219
"3437","gbif4094",-79.091263,20.899683,NA,NA,NA,NA,NA,NA,-79.091263,20.899683
"3438","gbif4095",-77.465553,21.843334,-77.5131530864073,21.8414227491664,-77.4476754954621,21.8414227491664,1.86018058112082,6.76885112230064,-77.4476754954621,21.8414227491664
"3439","gbif4096",-82.805,9.738334,NA,NA,NA,NA,NA,NA,-82.805,9.738334
"3440","gbif4097",-77.68235,24.367029,NA,NA,NA,NA,NA,NA,-77.68235,24.367029
"3441","gbif4098",-77.426369,23.79092,NA,NA,NA,NA,NA,NA,-77.426369,23.79092
"3442","gbif4099",-65.228485,18.299067,NA,NA,NA,NA,NA,NA,-65.228485,18.299067
"3443","gbif41",-91.972778,20.219222,NA,NA,NA,NA,NA,NA,-91.972778,20.219222
"3444","gbif410",-61.144226,14.479312,NA,NA,NA,NA,NA,NA,-61.144226,14.479312
"3445","gbif4100",-78.870201,9.5602,NA,NA,NA,NA,NA,NA,-78.870201,9.5602
"3446","gbif4101",-78.280998,20.6061,NA,NA,NA,NA,NA,NA,-78.280998,20.6061
"3447","gbif4102",-79.430214,21.067783,NA,NA,NA,NA,NA,NA,-79.430214,21.067783
"3448","gbif4103",-82.324165,9.423317,NA,NA,NA,NA,NA,NA,-82.324165,9.423317
"3449","gbif4104",-77.358131,18.463051,-77.3596514970282,18.4802240407351,-77.3596514970282,18.4802240407351,1.90757714924747,0,-77.3596514970282,18.4802240407351
"3450","gbif4105",-77.693176,24.6259,NA,NA,NA,NA,NA,NA,-77.693176,24.6259
"3451","gbif4106",-77.807671,24.751329,-77.8110915000961,24.7483862432583,-77.7810705686238,24.7758429047796,3.82252174320534,4.2976284442484,-77.7810705686238,24.7758429047796
"3452","gbif4107",-81.247231,21.833334,NA,NA,NA,NA,NA,NA,-81.247231,21.833334
"3453","gbif4108",-79.103485,20.901316,NA,NA,NA,NA,NA,NA,-79.103485,20.901316
"3454","gbif4109",-87.313454,18.770166,NA,NA,NA,NA,NA,NA,-87.313454,18.770166
"3455","gbif411",-80.5797,25.154031,NA,NA,NA,NA,NA,NA,-80.5797,25.154031
"3456","gbif4110",-79.467415,21.079517,NA,NA,NA,NA,NA,NA,-79.467415,21.079517
"3457","gbif4111",-77.376999,23.696501,NA,NA,NA,NA,NA,NA,-77.376999,23.696501
"3458","gbif4112",-79.103485,20.901316,NA,NA,NA,NA,NA,NA,-79.103485,20.901316
"3459","gbif4113",-78.002899,25.160101,NA,NA,NA,NA,NA,NA,-78.002899,25.160101
"3460","gbif4114",-81.92717,21.595783,NA,NA,NA,NA,NA,NA,-81.92717,21.595783
"3461","gbif4115",-77.691002,24.630671,NA,NA,NA,NA,NA,NA,-77.691002,24.630671
"3462","gbif4116",-87.426613,18.457966,NA,NA,NA,NA,NA,NA,-87.426613,18.457966
"3463","gbif4117",-77.646202,24.29167,NA,NA,NA,NA,NA,NA,-77.646202,24.29167
"3464","gbif4118",-77.647881,24.3013,NA,NA,NA,NA,NA,NA,-77.647881,24.3013
"3465","gbif4119",-81.46685,21.960484,NA,NA,NA,NA,NA,NA,-81.46685,21.960484
"3466","gbif412",-82.8673,24.6207,NA,NA,NA,NA,NA,NA,-82.8673,24.6207
"3467","gbif4120",-88.139999,16.76,NA,NA,NA,NA,NA,NA,-88.139999,16.76
"3468","gbif4121",-77.419022,23.778219,NA,NA,NA,NA,NA,NA,-77.419022,23.778219
"3469","gbif4122",-77.419022,23.778219,NA,NA,NA,NA,NA,NA,-77.419022,23.778219
"3470","gbif4123",-77.861,24.844999,NA,NA,NA,NA,NA,NA,-77.861,24.844999
"3471","gbif4124",-77.376999,23.696501,NA,NA,NA,NA,NA,NA,-77.376999,23.696501
"3472","gbif4125",-66.895233,11.792334,NA,NA,NA,NA,NA,NA,-66.895233,11.792334
"3473","gbif4126",-71.113632,21.4589,NA,NA,NA,NA,NA,NA,-71.113632,21.4589
"3474","gbif4127",-87.410469,18.408817,NA,NA,NA,NA,NA,NA,-87.410469,18.408817
"3475","gbif4128",-78.034332,25.223921,NA,NA,NA,NA,NA,NA,-78.034332,25.223921
"3476","gbif4129",-88.018913,17.672684,NA,NA,NA,NA,NA,NA,-88.018913,17.672684
"3477","gbif413",-82.8673,24.6207,NA,NA,NA,NA,NA,NA,-82.8673,24.6207
"3478","gbif4130",-79.409164,21.07115,NA,NA,NA,NA,NA,NA,-79.409164,21.07115
"3479","gbif4131",-77.698067,24.439501,NA,NA,NA,NA,NA,NA,-77.698067,24.439501
"3480","gbif4132",-77.698997,24.483999,NA,NA,NA,NA,NA,NA,-77.698997,24.483999
"3481","gbif4133",-81.681801,21.576967,NA,NA,NA,NA,NA,NA,-81.681801,21.576967
"3482","gbif4134",-82.449249,21.543533,NA,NA,NA,NA,NA,NA,-82.449249,21.543533
"3483","gbif4135",-88.018913,17.672684,NA,NA,NA,NA,NA,NA,-88.018913,17.672684
"3484","gbif4136",-77.770172,24.72917,-77.7820188029016,24.7192993682217,-77.7810705686238,24.7758429047796,5.28615131931617,6.2640192548897,-77.7810705686238,24.7758429047796
"3485","gbif4137",-66.580452,11.778517,NA,NA,NA,NA,NA,NA,-66.580452,11.778517
"3486","gbif4138",-78.034332,25.223921,NA,NA,NA,NA,NA,NA,-78.034332,25.223921
"3487","gbif4139",-82.317146,21.562784,NA,NA,NA,NA,NA,NA,-82.317146,21.562784
"3488","gbif414",-63.017891,18.099662,-62.9845528242721,18.1134483429075,-62.9845528242721,18.1134483429075,3.84434054563688,0,-62.9845528242721,18.1134483429075
"3489","gbif4140",-81.077934,19.343901,NA,NA,NA,NA,NA,NA,-81.077934,19.343901
"3490","gbif4141",-78.870499,9.574984,NA,NA,NA,NA,NA,NA,-78.870499,9.574984
"3491","gbif4142",-66.592453,11.910633,NA,NA,NA,NA,NA,NA,-66.592453,11.910633
"3492","gbif4143",-66.705765,11.766367,NA,NA,NA,NA,NA,NA,-66.705765,11.766367
"3493","gbif4144",-82.974403,12.29837,NA,NA,NA,NA,NA,NA,-82.974403,12.29837
"3494","gbif4145",-79.103485,20.901316,NA,NA,NA,NA,NA,NA,-79.103485,20.901316
"3495","gbif4146",-78.085571,25.313219,NA,NA,NA,NA,NA,NA,-78.085571,25.313219
"3496","gbif4147",-78.012581,18.457783,-78.0136067522523,18.4667927133692,-77.9811076125208,18.506854390515,6.36787866263645,5.6073773036097,-77.9811076125208,18.506854390515
"3497","gbif4148",-77.693176,24.6259,NA,NA,NA,NA,NA,NA,-77.693176,24.6259
"3498","gbif4149",-81.430435,21.912434,NA,NA,NA,NA,NA,NA,-81.430435,21.912434
"3499","gbif415",-82.8673,24.6207,NA,NA,NA,NA,NA,NA,-82.8673,24.6207
"3500","gbif4150",-77.68235,24.367029,NA,NA,NA,NA,NA,NA,-77.68235,24.367029
"3501","gbif4151",-81.07473,19.317633,NA,NA,NA,NA,NA,NA,-81.07473,19.317633
"3502","gbif4152",-80.126663,23.1,NA,NA,NA,NA,NA,NA,-80.126663,23.1
"3503","gbif4153",-77.860977,24.844931,NA,NA,NA,NA,NA,NA,-77.860977,24.844931
"3504","gbif4154",-81.285583,21.8479,-81.3087079617919,21.8414227491664,-81.2483793295055,21.8414227491664,3.91220459364308,6.23656925870371,-81.2483793295055,21.8414227491664
"3505","gbif4155",-65.264786,18.338383,-65.2898684941656,18.3067802889959,-65.245415817744,18.3067802889959,4.05315173588614,4.69955400013281,-65.245415817744,18.3067802889959
"3506","gbif4156",-81.077934,19.343901,NA,NA,NA,NA,NA,NA,-81.077934,19.343901
"3507","gbif4157",-79.409164,21.07115,NA,NA,NA,NA,NA,NA,-79.409164,21.07115
"3508","gbif4158",-77.647881,24.3013,NA,NA,NA,NA,NA,NA,-77.647881,24.3013
"3509","gbif4159",-78.126945,18.465834,-78.1256766267009,18.4502618987128,-78.1144656417855,18.506854390515,4.72777728810956,6.37489148415,-78.1144656417855,18.506854390515
"3510","gbif416",-82.8673,24.6207,NA,NA,NA,NA,NA,NA,-82.8673,24.6207
"3511","gbif4160",-77.101433,18.414867,NA,NA,NA,NA,NA,NA,-77.101433,18.414867
"3512","gbif4161",-77.683723,24.5448,NA,NA,NA,NA,NA,NA,-77.683723,24.5448
"3513","gbif4162",-77.693176,24.6259,NA,NA,NA,NA,NA,NA,-77.693176,24.6259
"3514","gbif4163",-81.519333,22.09885,NA,NA,NA,NA,NA,NA,-81.519333,22.09885
"3515","gbif4164",-78.280998,20.6061,NA,NA,NA,NA,NA,NA,-78.280998,20.6061
"3516","gbif4165",-66.580452,11.778517,NA,NA,NA,NA,NA,NA,-66.580452,11.778517
"3517","gbif4166",-78.034332,25.223921,NA,NA,NA,NA,NA,NA,-78.034332,25.223921
"3518","gbif4167",-78.002899,25.160101,NA,NA,NA,NA,NA,NA,-78.002899,25.160101
"3519","gbif4168",-77.691002,24.630671,NA,NA,NA,NA,NA,NA,-77.691002,24.630671
"3520","gbif4169",-76.949501,26.059834,NA,NA,NA,NA,NA,NA,-76.949501,26.059834
"3521","gbif417",-82.8673,24.6207,NA,NA,NA,NA,NA,NA,-82.8673,24.6207
"3522","gbif4170",-77.983032,25.128851,NA,NA,NA,NA,NA,NA,-77.983032,25.128851
"3523","gbif4171",-77.602501,22.024723,NA,NA,NA,NA,NA,NA,-77.602501,22.024723
"3524","gbif4172",-77.376999,23.696501,NA,NA,NA,NA,NA,NA,-77.376999,23.696501
"3525","gbif4173",-78.164169,18.1735,NA,NA,NA,NA,NA,NA,-78.164169,18.1735
"3526","gbif4174",-77.8563,24.84425,NA,NA,NA,NA,NA,NA,-77.8563,24.84425
"3527","gbif4175",-80.0728,19.656866,NA,NA,NA,NA,NA,NA,-80.0728,19.656866
"3528","gbif4176",-77.743431,24.69953,-77.7678185908596,24.6926048181617,-77.7143915539915,24.7091515376065,3.12580817886443,5.70867593259974,-77.7143915539915,24.7091515376065
"3529","gbif4177",-78.902435,20.772367,NA,NA,NA,NA,NA,NA,-78.902435,20.772367
"3530","gbif4178",-77.691002,24.630671,NA,NA,NA,NA,NA,NA,-77.691002,24.630671
"3531","gbif4179",-80.900276,23.288055,NA,NA,NA,NA,NA,NA,-80.900276,23.288055
"3532","gbif418",-82.8673,24.6207,NA,NA,NA,NA,NA,NA,-82.8673,24.6207
"3533","gbif4180",-77.38237,23.709669,NA,NA,NA,NA,NA,NA,-77.38237,23.709669
"3534","gbif4181",-78.034332,25.223921,NA,NA,NA,NA,NA,NA,-78.034332,25.223921
"3535","gbif4182",-77.426369,23.79092,NA,NA,NA,NA,NA,NA,-77.426369,23.79092
"3536","gbif4183",-66.723,11.881133,NA,NA,NA,NA,NA,NA,-66.723,11.881133
"3537","gbif4184",-78.034332,25.223921,NA,NA,NA,NA,NA,NA,-78.034332,25.223921
"3538","gbif4185",-82.430786,21.544283,NA,NA,NA,NA,NA,NA,-82.430786,21.544283
"3539","gbif4186",-77.807716,24.774349,-77.8237235889751,24.7610184835926,-77.7810705686238,24.7758429047796,2.69981166057824,4.61582272947461,-77.7810705686238,24.7758429047796
"3540","gbif4187",-66.723,11.881133,NA,NA,NA,NA,NA,NA,-66.723,11.881133
"3541","gbif4188",-79.430214,21.067783,NA,NA,NA,NA,NA,NA,-79.430214,21.067783
"3542","gbif4189",-77.8563,24.84425,NA,NA,NA,NA,NA,NA,-77.8563,24.84425
"3543","gbif419",-86.672762,21.208802,NA,NA,NA,NA,NA,NA,-86.672762,21.208802
"3544","gbif4190",-79.103485,20.901316,NA,NA,NA,NA,NA,NA,-79.103485,20.901316
"3545","gbif4191",-77.38237,23.709669,NA,NA,NA,NA,NA,NA,-77.38237,23.709669
"3546","gbif4192",-79.145279,22.653334,NA,NA,NA,NA,NA,NA,-79.145279,22.653334
"3547","gbif4193",-77.693176,24.6259,NA,NA,NA,NA,NA,NA,-77.693176,24.6259
"3548","gbif4194",-77.691002,24.630671,NA,NA,NA,NA,NA,NA,-77.691002,24.630671
"3549","gbif4195",-81.519333,22.09885,NA,NA,NA,NA,NA,NA,-81.519333,22.09885
"3550","gbif4196",-76.959,26.577499,NA,NA,NA,NA,NA,NA,-76.959,26.577499
"3551","gbif4197",-78.991066,20.833683,NA,NA,NA,NA,NA,NA,-78.991066,20.833683
"3552","gbif4198",-74.480003,24.17,NA,NA,NA,NA,NA,NA,-74.480003,24.17
"3553","gbif4199",-87.287849,18.566816,NA,NA,NA,NA,NA,NA,-87.287849,18.566816
"3554","gbif42",-91.962194,21.210464,NA,NA,NA,NA,NA,NA,-91.962194,21.210464
"3555","gbif420",-74.53466,24.165417,NA,NA,NA,NA,NA,NA,-74.53466,24.165417
"3556","gbif4200",-79.971634,21.677134,NA,NA,NA,NA,NA,NA,-79.971634,21.677134
"3557","gbif4201",-81.430435,21.912434,NA,NA,NA,NA,NA,NA,-81.430435,21.912434
"3558","gbif4202",-79.558151,21.217699,NA,NA,NA,NA,NA,NA,-79.558151,21.217699
"3559","gbif4203",-81.515869,22.021616,NA,NA,NA,NA,NA,NA,-81.515869,22.021616
"3560","gbif4204",-77.652779,22.176945,NA,NA,NA,NA,NA,NA,-77.652779,22.176945
"3561","gbif4205",-77.963867,25.1026,NA,NA,NA,NA,NA,NA,-77.963867,25.1026
"3562","gbif4206",-81.425797,21.902267,NA,NA,NA,NA,NA,NA,-81.425797,21.902267
"3563","gbif4207",-82.969398,12.29153,NA,NA,NA,NA,NA,NA,-82.969398,12.29153
"3564","gbif4208",-66.895233,11.792334,NA,NA,NA,NA,NA,NA,-66.895233,11.792334
"3565","gbif4209",-77.38237,23.709669,NA,NA,NA,NA,NA,NA,-77.38237,23.709669
"3566","gbif421",-68.270831,12.015059,NA,NA,NA,NA,NA,NA,-68.270831,12.015059
"3567","gbif4210",-81.519333,22.09885,NA,NA,NA,NA,NA,NA,-81.519333,22.09885
"3568","gbif4211",-77.698067,24.439501,NA,NA,NA,NA,NA,NA,-77.698067,24.439501
"3569","gbif4212",-80.415115,24.98605,NA,NA,NA,NA,NA,NA,-80.415115,24.98605
"3570","gbif4213",-81.285583,21.8479,-81.3087079617919,21.8414227491664,-81.2483793295055,21.8414227491664,3.91220459364308,6.23656925870371,-81.2483793295055,21.8414227491664
"3571","gbif4214",-76.98317,26.603333,NA,NA,NA,NA,NA,NA,-76.98317,26.603333
"3572","gbif4215",-78.085571,25.313219,NA,NA,NA,NA,NA,NA,-78.085571,25.313219
"3573","gbif4216",-77.693176,24.6259,NA,NA,NA,NA,NA,NA,-77.693176,24.6259
"3574","gbif4217",-88.038086,17.35215,NA,NA,NA,NA,NA,NA,-88.038086,17.35215
"3575","gbif4218",-78.12722,22.4825,NA,NA,NA,NA,NA,NA,-78.12722,22.4825
"3576","gbif4219",-82.09893,21.51545,NA,NA,NA,NA,NA,NA,-82.09893,21.51545
"3577","gbif422",-88.036618,16.838374,NA,NA,NA,NA,NA,NA,-88.036618,16.838374
"3578","gbif4220",-77.358131,18.463051,-77.3596514970282,18.4802240407351,-77.3596514970282,18.4802240407351,1.90757714924747,0,-77.3596514970282,18.4802240407351
"3579","gbif4221",-77.670677,24.343149,NA,NA,NA,NA,NA,NA,-77.670677,24.343149
"3580","gbif4222",-79.88282,19.680733,NA,NA,NA,NA,NA,NA,-79.88282,19.680733
"3581","gbif4223",-87.316513,18.510616,NA,NA,NA,NA,NA,NA,-87.316513,18.510616
"3582","gbif4224",-81.425797,21.902267,NA,NA,NA,NA,NA,NA,-81.425797,21.902267
"3583","gbif4225",-87.980034,16.528667,NA,NA,NA,NA,NA,NA,-87.980034,16.528667
"3584","gbif4226",-77.38237,23.709669,NA,NA,NA,NA,NA,NA,-77.38237,23.709669
"3585","gbif4227",-79.944298,21.666683,NA,NA,NA,NA,NA,NA,-79.944298,21.666683
"3586","gbif4228",-77.65638,24.3069,NA,NA,NA,NA,NA,NA,-77.65638,24.3069
"3587","gbif4229",-77.38237,23.709669,NA,NA,NA,NA,NA,NA,-77.38237,23.709669
"3588","gbif423",-63.029213,18.170295,-63.0116688275606,18.1733975546499,-62.9783293202445,18.1733975546499,5.3945338163651,3.52735431057774,-62.9783293202445,18.1733975546499
"3589","gbif4230",-77.376999,23.696501,NA,NA,NA,NA,NA,NA,-77.376999,23.696501
"3590","gbif4231",-77.419022,23.778219,NA,NA,NA,NA,NA,NA,-77.419022,23.778219
"3591","gbif4232",-81.515869,22.021616,NA,NA,NA,NA,NA,NA,-81.515869,22.021616
"3592","gbif4233",-81.515869,22.021616,NA,NA,NA,NA,NA,NA,-81.515869,22.021616
"3593","gbif4234",-63.060001,17.995667,NA,NA,NA,NA,NA,NA,-63.060001,17.995667
"3594","gbif4235",-77.937828,25.063669,-77.9796848016266,25.0642250659524,-77.9144285978885,25.0426083734717,3.31929246221483,7.00663945943426,-77.9144285978885,25.0426083734717
"3595","gbif4236",-81.180984,21.784901,NA,NA,NA,NA,NA,NA,-81.180984,21.784901
"3596","gbif4237",-78.847954,20.811966,NA,NA,NA,NA,NA,NA,-78.847954,20.811966
"3597","gbif4238",-77.537033,24.097931,-77.5637787323847,24.0913518378895,-77.5143545100944,24.1089292330493,2.60773285796534,5.38905128935586,-77.5143545100944,24.1089292330493
"3598","gbif4239",-77.670677,24.343149,NA,NA,NA,NA,NA,NA,-77.670677,24.343149
"3599","gbif424",-60.72947,11.208974,-60.7779218373773,11.2275626118421,-60.7779218373773,11.2275626118421,5.67671348443829,0,-60.7779218373773,11.2275626118421
"3600","gbif4240",-77.647881,24.3013,NA,NA,NA,NA,NA,NA,-77.647881,24.3013
"3601","gbif4241",-81.247231,21.833334,NA,NA,NA,NA,NA,NA,-81.247231,21.833334
"3602","gbif4242",-81.197563,21.804667,NA,NA,NA,NA,NA,NA,-81.197563,21.804667
"3603","gbif4243",-80.415115,24.98605,NA,NA,NA,NA,NA,NA,-80.415115,24.98605
"3604","gbif4244",-79.558151,21.217699,NA,NA,NA,NA,NA,NA,-79.558151,21.217699
"3605","gbif4245",-64.409935,18.752733,NA,NA,NA,NA,NA,NA,-64.409935,18.752733
"3606","gbif4246",-77.68235,24.367029,NA,NA,NA,NA,NA,NA,-77.68235,24.367029
"3607","gbif4247",-77.691002,24.630671,NA,NA,NA,NA,NA,NA,-77.691002,24.630671
"3608","gbif4248",-77.646202,24.29167,NA,NA,NA,NA,NA,NA,-77.646202,24.29167
"3609","gbif4249",-77.629173,24.253151,NA,NA,NA,NA,NA,NA,-77.629173,24.253151
"3610","gbif425",-61.211936,12.661804,NA,NA,NA,NA,NA,NA,-61.211936,12.661804
"3611","gbif4250",-87.410469,18.408817,NA,NA,NA,NA,NA,NA,-87.410469,18.408817
"3612","gbif4251",-81.479446,21.969482,NA,NA,NA,NA,NA,NA,-81.479446,21.969482
"3613","gbif4252",-79.467415,21.079517,NA,NA,NA,NA,NA,NA,-79.467415,21.079517
"3614","gbif4253",-87.313454,18.770166,NA,NA,NA,NA,NA,NA,-87.313454,18.770166
"3615","gbif4254",-81.957298,21.586367,NA,NA,NA,NA,NA,NA,-81.957298,21.586367
"3616","gbif4255",-77.629173,24.253151,NA,NA,NA,NA,NA,NA,-77.629173,24.253151
"3617","gbif4256",-65.314964,18.338083,-65.3120948323764,18.3112263801408,-65.3120948323764,18.373471656169,3.92868076660646,6.88955059508306,-65.3120948323764,18.373471656169
"3618","gbif4257",-77.38237,23.709669,NA,NA,NA,NA,NA,NA,-77.38237,23.709669
"3619","gbif4258",-80.218903,25.208883,NA,NA,NA,NA,NA,NA,-80.218903,25.208883
"3620","gbif4259",-77.983032,25.128851,NA,NA,NA,NA,NA,NA,-77.983032,25.128851
"3621","gbif426",-61.171166,14.473632,NA,NA,NA,NA,NA,NA,-61.171166,14.473632
"3622","gbif4260",-66.723,11.881133,NA,NA,NA,NA,NA,NA,-66.723,11.881133
"3623","gbif4261",-78.085571,25.313219,NA,NA,NA,NA,NA,NA,-78.085571,25.313219
"3624","gbif4262",-79.558151,21.217699,NA,NA,NA,NA,NA,NA,-79.558151,21.217699
"3625","gbif4263",-79.091263,20.899683,NA,NA,NA,NA,NA,NA,-79.091263,20.899683
"3626","gbif4264",-77.376999,23.696501,NA,NA,NA,NA,NA,NA,-77.376999,23.696501
"3627","gbif4265",-80.588608,23.236666,NA,NA,NA,NA,NA,NA,-80.588608,23.236666
"3628","gbif4266",-79.145279,22.653334,NA,NA,NA,NA,NA,NA,-79.145279,22.653334
"3629","gbif4267",-82.317146,21.562784,NA,NA,NA,NA,NA,NA,-82.317146,21.562784
"3630","gbif4268",-82.317146,21.562784,NA,NA,NA,NA,NA,NA,-82.317146,21.562784
"3631","gbif4269",-80.415115,24.98605,NA,NA,NA,NA,NA,NA,-80.415115,24.98605
"3632","gbif427",-87.110259,20.263696,NA,NA,NA,NA,NA,NA,-87.110259,20.263696
"3633","gbif4270",-77.743431,24.69953,-77.7678185908596,24.6926048181617,-77.7143915539915,24.7091515376065,3.12580817886443,5.70867593259974,-77.7143915539915,24.7091515376065
"3634","gbif4271",-77.38237,23.709669,NA,NA,NA,NA,NA,NA,-77.38237,23.709669
"3635","gbif4272",-78.034332,25.223921,NA,NA,NA,NA,NA,NA,-78.034332,25.223921
"3636","gbif4273",-76.988503,26.397833,NA,NA,NA,NA,NA,NA,-76.988503,26.397833
"3637","gbif4274",-77.647881,24.3013,NA,NA,NA,NA,NA,NA,-77.647881,24.3013
"3638","gbif4275",-78.034332,25.223921,NA,NA,NA,NA,NA,NA,-78.034332,25.223921
"3639","gbif4276",-77.65638,24.3069,NA,NA,NA,NA,NA,NA,-77.65638,24.3069
"3640","gbif4277",-78.991066,20.833683,NA,NA,NA,NA,NA,NA,-78.991066,20.833683
"3641","gbif4278",-78.034332,25.223921,NA,NA,NA,NA,NA,NA,-78.034332,25.223921
"3642","gbif4279",-77.419022,23.778219,NA,NA,NA,NA,NA,NA,-77.419022,23.778219
"3643","gbif428",-69.110764,12.206436,NA,NA,NA,NA,NA,NA,-69.110764,12.206436
"3644","gbif4280",-81.405151,24.546074,NA,NA,NA,NA,NA,NA,-81.405151,24.546074
"3645","gbif4281",-81.430435,21.912434,NA,NA,NA,NA,NA,NA,-81.430435,21.912434
"3646","gbif4282",-81.07473,19.317633,NA,NA,NA,NA,NA,NA,-81.07473,19.317633
"3647","gbif4283",-66.723,11.881133,NA,NA,NA,NA,NA,NA,-66.723,11.881133
"3648","gbif4284",-78.034332,25.223921,NA,NA,NA,NA,NA,NA,-78.034332,25.223921
"3649","gbif4285",-74.470001,24.15,NA,NA,NA,NA,NA,NA,-74.470001,24.15
"3650","gbif4286",-80.0728,19.656866,NA,NA,NA,NA,NA,NA,-80.0728,19.656866
"3651","gbif4287",-81.519333,22.09885,NA,NA,NA,NA,NA,NA,-81.519333,22.09885
"3652","gbif4288",-66.723,11.881133,NA,NA,NA,NA,NA,NA,-66.723,11.881133
"3653","gbif4289",-77.807671,24.751329,-77.8110915000961,24.7483862432583,-77.7810705686238,24.7758429047796,3.82252174320534,4.2976284442484,-77.7810705686238,24.7758429047796
"3654","gbif429",-87.028201,20.352237,NA,NA,NA,NA,NA,NA,-87.028201,20.352237
"3655","gbif4290",-79.971634,21.677134,NA,NA,NA,NA,NA,NA,-79.971634,21.677134
"3656","gbif4291",-77.101433,18.414867,NA,NA,NA,NA,NA,NA,-77.101433,18.414867
"3657","gbif4292",-82.702919,21.481417,NA,NA,NA,NA,NA,NA,-82.702919,21.481417
"3658","gbif4293",-77.983032,25.128851,NA,NA,NA,NA,NA,NA,-77.983032,25.128851
"3659","gbif4294",-87.305977,20.399799,NA,NA,NA,NA,NA,NA,-87.305977,20.399799
"3660","gbif4295",-79.467415,21.079517,NA,NA,NA,NA,NA,NA,-79.467415,21.079517
"3661","gbif4296",-81.285583,21.8479,-81.3087079617919,21.8414227491664,-81.2483793295055,21.8414227491664,3.91220459364308,6.23656925870371,-81.2483793295055,21.8414227491664
"3662","gbif4297",-78.034332,25.223921,NA,NA,NA,NA,NA,NA,-78.034332,25.223921
"3663","gbif4298",-79.467415,21.079517,NA,NA,NA,NA,NA,NA,-79.467415,21.079517
"3664","gbif4299",-66.580452,11.778517,NA,NA,NA,NA,NA,NA,-66.580452,11.778517
"3665","gbif43",-91.399336,22.116553,NA,NA,NA,NA,NA,NA,-91.399336,22.116553
"3666","gbif430",-64.647776,18.345492,-64.6510613654947,18.3492547220089,-64.645304686053,18.3067802889959,4.29271237927871,4.74044774839893,-64.645304686053,18.3067802889959
"3667","gbif4300",-79.145279,22.653334,NA,NA,NA,NA,NA,NA,-79.145279,22.653334
"3668","gbif4301",-77.861,24.844999,NA,NA,NA,NA,NA,NA,-77.861,24.844999
"3669","gbif4302",-77.419022,23.778219,NA,NA,NA,NA,NA,NA,-77.419022,23.778219
"3670","gbif4303",-77.670677,24.343149,NA,NA,NA,NA,NA,NA,-77.670677,24.343149
"3671","gbif4304",-78.002899,25.160101,NA,NA,NA,NA,NA,NA,-78.002899,25.160101
"3672","gbif4305",-81.820747,9.106234,-81.8172577162513,9.11048841249628,-81.7818114465642,9.10337161911821,4.29172752751239,3.97515475100498,-81.7818114465642,9.10337161911821
"3673","gbif4306",-77.647881,24.3013,NA,NA,NA,NA,NA,NA,-77.647881,24.3013
"3674","gbif4307",-77.68235,24.367029,NA,NA,NA,NA,NA,NA,-77.68235,24.367029
"3675","gbif4308",-79.019485,20.846001,NA,NA,NA,NA,NA,NA,-79.019485,20.846001
"3676","gbif4309",-77.38237,23.709669,NA,NA,NA,NA,NA,NA,-77.38237,23.709669
"3677","gbif431",-63.359591,17.774177,NA,NA,NA,NA,NA,NA,-63.359591,17.774177
"3678","gbif4310",-66.622665,11.954284,NA,NA,NA,NA,NA,NA,-66.622665,11.954284
"3679","gbif4311",-77.465553,21.843334,-77.5131530864073,21.8414227491664,-77.4476754954621,21.8414227491664,1.86018058112082,6.76885112230064,-77.4476754954621,21.8414227491664
"3680","gbif4312",-71.110466,21.43845,NA,NA,NA,NA,NA,NA,-71.110466,21.43845
"3681","gbif4313",-66.723,11.881133,NA,NA,NA,NA,NA,NA,-66.723,11.881133
"3682","gbif4314",-81.515869,22.021616,NA,NA,NA,NA,NA,NA,-81.515869,22.021616
"3683","gbif4315",-81.180984,21.784901,NA,NA,NA,NA,NA,NA,-81.180984,21.784901
"3684","gbif4316",-78.693054,22.626667,NA,NA,NA,NA,NA,NA,-78.693054,22.626667
"3685","gbif4317",-81.514603,22.036051,NA,NA,NA,NA,NA,NA,-81.514603,22.036051
"3686","gbif4318",-63.253166,17.643333,-63.2514613973884,17.6401824463639,-63.3117243934062,17.6398666172657,6.22586632997167,6.39507345723595,-63.3117243934062,17.6398666172657
"3687","gbif4319",-64.32077,18.74935,NA,NA,NA,NA,NA,NA,-64.32077,18.74935
"3688","gbif432",-63.047959,18.097992,-63.0926714773692,18.0865037308712,-63.0926714773692,18.0865037308712,4.90063356018727,0,-63.0926714773692,18.0865037308712
"3689","gbif4320",-77.937828,25.063669,-77.9796848016266,25.0642250659524,-77.9144285978885,25.0426083734717,3.31929246221483,7.00663945943426,-77.9144285978885,25.0426083734717
"3690","gbif4321",-79.88282,19.680733,NA,NA,NA,NA,NA,NA,-79.88282,19.680733
"3691","gbif4322",-77.698067,24.439501,NA,NA,NA,NA,NA,NA,-77.698067,24.439501
"3692","gbif4323",-78.590469,9.47465,NA,NA,NA,NA,NA,NA,-78.590469,9.47465
"3693","gbif4324",-82.119965,9.26785,-82.1043715701966,9.27078571482599,-82.0485275050935,9.30344572063728,8.78087784501504,7.11993219693636,-82.0485275050935,9.30344572063728
"3694","gbif4325",-78.034332,25.223921,NA,NA,NA,NA,NA,NA,-78.034332,25.223921
"3695","gbif4326",-87.959999,17.889999,NA,NA,NA,NA,NA,NA,-87.959999,17.889999
"3696","gbif4327",-81.285583,21.8479,-81.3087079617919,21.8414227491664,-81.2483793295055,21.8414227491664,3.91220459364308,6.23656925870371,-81.2483793295055,21.8414227491664
"3697","gbif4328",-81.247231,21.833334,NA,NA,NA,NA,NA,NA,-81.247231,21.833334
"3698","gbif4329",-77.670677,24.343149,NA,NA,NA,NA,NA,NA,-77.670677,24.343149
"3699","gbif433",-86.785518,16.275046,NA,NA,NA,NA,NA,NA,-86.785518,16.275046
"3700","gbif4330",-80.588608,23.236666,NA,NA,NA,NA,NA,NA,-80.588608,23.236666
"3701","gbif4331",-79.409164,21.07115,NA,NA,NA,NA,NA,NA,-79.409164,21.07115
"3702","gbif4332",-78.085571,25.313219,NA,NA,NA,NA,NA,NA,-78.085571,25.313219
"3703","gbif4333",-79.019485,20.846001,NA,NA,NA,NA,NA,NA,-79.019485,20.846001
"3704","gbif4334",-76.988503,26.397833,NA,NA,NA,NA,NA,NA,-76.988503,26.397833
"3705","gbif4335",-65.314964,18.338083,-65.3120948323764,18.3112263801408,-65.3120948323764,18.373471656169,3.92868076660646,6.88955059508306,-65.3120948323764,18.373471656169
"3706","gbif4336",-77.698997,24.483999,NA,NA,NA,NA,NA,NA,-77.698997,24.483999
"3707","gbif4337",-82.449249,21.543533,NA,NA,NA,NA,NA,NA,-82.449249,21.543533
"3708","gbif4338",-78.085571,25.313219,NA,NA,NA,NA,NA,NA,-78.085571,25.313219
"3709","gbif4339",-77.647881,24.3013,NA,NA,NA,NA,NA,NA,-77.647881,24.3013
"3710","gbif434",-88.149137,16.989929,NA,NA,NA,NA,NA,NA,-88.149137,16.989929
"3711","gbif4340",-78.034332,25.223921,NA,NA,NA,NA,NA,NA,-78.034332,25.223921
"3712","gbif4341",-77.602501,22.024723,NA,NA,NA,NA,NA,NA,-77.602501,22.024723
"3713","gbif4342",-78.085571,25.313219,NA,NA,NA,NA,NA,NA,-78.085571,25.313219
"3714","gbif4343",-81.635834,21.580917,NA,NA,NA,NA,NA,NA,-81.635834,21.580917
"3715","gbif4344",-66.592453,11.910633,NA,NA,NA,NA,NA,NA,-66.592453,11.910633
"3716","gbif4345",-87.832901,18.235001,NA,NA,NA,NA,NA,NA,-87.832901,18.235001
"3717","gbif4346",-81.519333,22.09885,NA,NA,NA,NA,NA,NA,-81.519333,22.09885
"3718","gbif4347",-78.280998,20.6061,NA,NA,NA,NA,NA,NA,-78.280998,20.6061
"3719","gbif4348",-87.426613,18.457966,NA,NA,NA,NA,NA,NA,-87.426613,18.457966
"3720","gbif4349",-63.228001,17.649666,-63.2414616532317,17.6398666172657,-63.1783663641415,17.6398666172657,5.37748218152161,6.69554053517968,-63.1783663641415,17.6398666172657
"3721","gbif435",-86.989963,20.969206,-86.892757918133,20.907743608744,-86.849416558622,20.907743608744,16.12482638171,4.50898367805427,-86.849416558622,20.907743608744
"3722","gbif4350",-79.7304,19.754351,NA,NA,NA,NA,NA,NA,-79.7304,19.754351
"3723","gbif4351",-77.647881,24.3013,NA,NA,NA,NA,NA,NA,-77.647881,24.3013
"3724","gbif4352",-79.199135,20.968517,NA,NA,NA,NA,NA,NA,-79.199135,20.968517
"3725","gbif4353",-74.540001,23.950001,-74.514568224885,23.9755464987032,-74.5804778662715,23.9755464987032,4.99776850253307,6.70769270674922,-74.5804778662715,23.9755464987032
"3726","gbif4354",-78.290947,18.219183,NA,NA,NA,NA,NA,NA,-78.290947,18.219183
"3727","gbif4355",-77.419022,23.778219,NA,NA,NA,NA,NA,NA,-77.419022,23.778219
"3728","gbif4356",-79.199135,20.968517,NA,NA,NA,NA,NA,NA,-79.199135,20.968517
"3729","gbif4357",-87.426613,18.457966,NA,NA,NA,NA,NA,NA,-87.426613,18.457966
"3730","gbif4358",-79.467415,21.079517,NA,NA,NA,NA,NA,NA,-79.467415,21.079517
"3731","gbif4359",-81.479446,21.969482,NA,NA,NA,NA,NA,NA,-81.479446,21.969482
"3732","gbif436",-86.887775,20.854228,-86.9075409616123,20.8596100599523,-86.849416558622,20.841052241571,4.25033795288474,6.38862026443321,-86.849416558622,20.841052241571
"3733","gbif4360",-82.119965,9.26785,-82.1043715701966,9.27078571482599,-82.0485275050935,9.30344572063728,8.78087784501504,7.11993219693636,-82.0485275050935,9.30344572063728
"3734","gbif4361",-77.693176,24.6259,NA,NA,NA,NA,NA,NA,-77.693176,24.6259
"3735","gbif4362",-81.585899,21.585649,NA,NA,NA,NA,NA,NA,-81.585899,21.585649
"3736","gbif4363",-77.698067,24.439501,NA,NA,NA,NA,NA,NA,-77.698067,24.439501
"3737","gbif4364",-78.002899,25.160101,NA,NA,NA,NA,NA,NA,-78.002899,25.160101
"3738","gbif4365",-87.426613,18.457966,NA,NA,NA,NA,NA,NA,-87.426613,18.457966
"3739","gbif4366",-77.426369,23.79092,NA,NA,NA,NA,NA,NA,-77.426369,23.79092
"3740","gbif4367",-81.285583,21.8479,-81.3087079617919,21.8414227491664,-81.2483793295055,21.8414227491664,3.91220459364308,6.23656925870371,-81.2483793295055,21.8414227491664
"3741","gbif4368",-64.231499,18.666082,NA,NA,NA,NA,NA,NA,-64.231499,18.666082
"3742","gbif4369",-77.807716,24.774349,-77.8237235889751,24.7610184835926,-77.7810705686238,24.7758429047796,2.69981166057824,4.61582272947461,-77.7810705686238,24.7758429047796
"3743","gbif437",-86.661737,21.150756,NA,NA,NA,NA,NA,NA,-86.661737,21.150756
"3744","gbif4370",-71.599998,21.299999,NA,NA,NA,NA,NA,NA,-71.599998,21.299999
"3745","gbif4371",-77.937828,25.063669,-77.9796848016266,25.0642250659524,-77.9144285978885,25.0426083734717,3.31929246221483,7.00663945943426,-77.9144285978885,25.0426083734717
"3746","gbif4372",-77.647881,24.3013,NA,NA,NA,NA,NA,NA,-77.647881,24.3013
"3747","gbif4373",-81.405151,24.546074,NA,NA,NA,NA,NA,NA,-81.405151,24.546074
"3748","gbif4374",-77.8563,24.84425,NA,NA,NA,NA,NA,NA,-77.8563,24.84425
"3749","gbif4375",-78.034332,25.223921,NA,NA,NA,NA,NA,NA,-78.034332,25.223921
"3750","gbif4376",-79.944298,21.666683,NA,NA,NA,NA,NA,NA,-79.944298,21.666683
"3751","gbif4377",-81.425797,21.902267,NA,NA,NA,NA,NA,NA,-81.425797,21.902267
"3752","gbif4378",-66.705765,11.766367,NA,NA,NA,NA,NA,NA,-66.705765,11.766367
"3753","gbif4379",-79.207664,20.966749,NA,NA,NA,NA,NA,NA,-79.207664,20.966749
"3754","gbif438",-86.895718,20.864616,-86.9051846824788,20.867284256787,-86.849416558622,20.841052241571,5.47956968364509,6.48993504513798,-86.849416558622,20.841052241571
"3755","gbif4380",-77.38237,23.709669,NA,NA,NA,NA,NA,NA,-77.38237,23.709669
"3756","gbif4381",-81.105301,19.292749,NA,NA,NA,NA,NA,NA,-81.105301,19.292749
"3757","gbif4382",-77.698067,24.439501,NA,NA,NA,NA,NA,NA,-77.698067,24.439501
"3758","gbif4383",-79.103485,20.901316,NA,NA,NA,NA,NA,NA,-79.103485,20.901316
"3759","gbif4384",-79.409164,21.07115,NA,NA,NA,NA,NA,NA,-79.409164,21.07115
"3760","gbif4385",-77.358131,18.463051,-77.3596514970282,18.4802240407351,-77.3596514970282,18.4802240407351,1.90757714924747,0,-77.3596514970282,18.4802240407351
"3761","gbif4386",-87.935013,17.385883,NA,NA,NA,NA,NA,NA,-87.935013,17.385883
"3762","gbif4387",-74.529999,24.01,NA,NA,NA,NA,NA,NA,-74.529999,24.01
"3763","gbif4388",-71.599998,21.299999,NA,NA,NA,NA,NA,NA,-71.599998,21.299999
"3764","gbif4389",-77.38237,23.709669,NA,NA,NA,NA,NA,NA,-77.38237,23.709669
"3765","gbif439",-86.925273,20.883827,-86.9020563363773,20.8774717443084,-86.849416558622,20.907743608744,8.32463770106915,6.42097901213821,-86.849416558622,20.907743608744
"3766","gbif4390",-79.928131,21.656967,NA,NA,NA,NA,NA,NA,-79.928131,21.656967
"3767","gbif4391",-79.558151,21.217699,NA,NA,NA,NA,NA,NA,-79.558151,21.217699
"3768","gbif4392",-77.426369,23.79092,NA,NA,NA,NA,NA,NA,-77.426369,23.79092
"3769","gbif4393",-77.646202,24.29167,NA,NA,NA,NA,NA,NA,-77.646202,24.29167
"3770","gbif4394",-81.957298,21.586367,NA,NA,NA,NA,NA,NA,-81.957298,21.586367
"3771","gbif4395",-66.884186,11.800233,NA,NA,NA,NA,NA,NA,-66.884186,11.800233
"3772","gbif4396",-78.680397,20.644234,NA,NA,NA,NA,NA,NA,-78.680397,20.644234
"3773","gbif4397",-81.417519,21.891001,NA,NA,NA,NA,NA,NA,-81.417519,21.891001
"3774","gbif4398",-96.068336,19.197222,NA,NA,NA,NA,NA,NA,-96.068336,19.197222
"3775","gbif4399",-77.376999,23.696501,NA,NA,NA,NA,NA,NA,-77.376999,23.696501
"3776","gbif44",-91.399336,22.116553,NA,NA,NA,NA,NA,NA,-91.399336,22.116553
"3777","gbif440",-82.8673,24.6207,NA,NA,NA,NA,NA,NA,-82.8673,24.6207
"3778","gbif4400",-81.197563,21.804667,NA,NA,NA,NA,NA,NA,-81.197563,21.804667
"3779","gbif4401",-77.861,24.844999,NA,NA,NA,NA,NA,NA,-77.861,24.844999
"3780","gbif4402",-80.218903,25.208883,NA,NA,NA,NA,NA,NA,-80.218903,25.208883
"3781","gbif4403",-78.847954,20.811966,NA,NA,NA,NA,NA,NA,-78.847954,20.811966
"3782","gbif4404",-61.349133,12.633467,NA,NA,NA,NA,NA,NA,-61.349133,12.633467
"3783","gbif4405",-81.417519,21.891001,NA,NA,NA,NA,NA,NA,-81.417519,21.891001
"3784","gbif4406",-80.415115,24.98605,NA,NA,NA,NA,NA,NA,-80.415115,24.98605
"3785","gbif4407",-77.646202,24.29167,NA,NA,NA,NA,NA,NA,-77.646202,24.29167
"3786","gbif4408",-87.287849,18.566816,NA,NA,NA,NA,NA,NA,-87.287849,18.566816
"3787","gbif4409",-88.080002,16.780001,NA,NA,NA,NA,NA,NA,-88.080002,16.780001
"3788","gbif441",-82.8673,24.6207,NA,NA,NA,NA,NA,NA,-82.8673,24.6207
"3789","gbif4410",-78.085571,25.313219,NA,NA,NA,NA,NA,NA,-78.085571,25.313219
"3790","gbif4411",-78.034332,25.223921,NA,NA,NA,NA,NA,NA,-78.034332,25.223921
"3791","gbif4412",-77.419022,23.778219,NA,NA,NA,NA,NA,NA,-77.419022,23.778219
"3792","gbif4413",-78.085571,25.313219,NA,NA,NA,NA,NA,NA,-78.085571,25.313219
"3793","gbif4414",-77.68235,24.367029,NA,NA,NA,NA,NA,NA,-77.68235,24.367029
"3794","gbif4415",-77.670677,24.343149,NA,NA,NA,NA,NA,NA,-77.670677,24.343149
"3795","gbif4416",-78.164169,18.1735,NA,NA,NA,NA,NA,NA,-78.164169,18.1735
"3796","gbif4417",-77.68235,24.367029,NA,NA,NA,NA,NA,NA,-77.68235,24.367029
"3797","gbif4418",-66.592453,11.910633,NA,NA,NA,NA,NA,NA,-66.592453,11.910633
"3798","gbif4419",-79.409164,21.07115,NA,NA,NA,NA,NA,NA,-79.409164,21.07115
"3799","gbif442",-82.8673,24.6207,NA,NA,NA,NA,NA,NA,-82.8673,24.6207
"3800","gbif4420",-81.285583,21.8479,-81.3087079617919,21.8414227491664,-81.2483793295055,21.8414227491664,3.91220459364308,6.23656925870371,-81.2483793295055,21.8414227491664
"3801","gbif4421",-79.290001,21.089817,-79.2924615669568,21.1078177102631,-79.2480088905353,21.1078177102631,4.79668981355737,4.61843747961783,-79.2480088905353,21.1078177102631
"3802","gbif4422",-77.860977,24.844931,NA,NA,NA,NA,NA,NA,-77.860977,24.844931
"3803","gbif4423",-81.635834,21.580917,NA,NA,NA,NA,NA,NA,-81.635834,21.580917
"3804","gbif4424",-81.957298,21.586367,NA,NA,NA,NA,NA,NA,-81.957298,21.586367
"3805","gbif4425",-81.92717,21.595783,NA,NA,NA,NA,NA,NA,-81.92717,21.595783
"3806","gbif4426",-77.770172,24.72917,-77.7820188029016,24.7192993682217,-77.7810705686238,24.7758429047796,5.28615131931617,6.2640192548897,-77.7810705686238,24.7758429047796
"3807","gbif4427",-82.324165,9.423317,NA,NA,NA,NA,NA,NA,-82.324165,9.423317
"3808","gbif4428",-77.426369,23.79092,NA,NA,NA,NA,NA,NA,-77.426369,23.79092
"3809","gbif4429",-65.314964,18.338083,-65.3120948323764,18.3112263801408,-65.3120948323764,18.373471656169,3.92868076660646,6.88955059508306,-65.3120948323764,18.373471656169
"3810","gbif443",-82.8673,24.6207,NA,NA,NA,NA,NA,NA,-82.8673,24.6207
"3811","gbif4430",-74.540001,23.950001,-74.514568224885,23.9755464987032,-74.5804778662715,23.9755464987032,4.99776850253307,6.70769270674922,-74.5804778662715,23.9755464987032
"3812","gbif4431",-81.077934,19.343901,NA,NA,NA,NA,NA,NA,-81.077934,19.343901
"3813","gbif4432",-87.746132,17.59425,NA,NA,NA,NA,NA,NA,-87.746132,17.59425
"3814","gbif4433",-77.670677,24.343149,NA,NA,NA,NA,NA,NA,-77.670677,24.343149
"3815","gbif4434",-79.091263,20.899683,NA,NA,NA,NA,NA,NA,-79.091263,20.899683
"3816","gbif4435",-81.07473,19.317633,NA,NA,NA,NA,NA,NA,-81.07473,19.317633
"3817","gbif4436",-77.65638,24.3069,NA,NA,NA,NA,NA,NA,-77.65638,24.3069
"3818","gbif4437",-77.861,24.844999,NA,NA,NA,NA,NA,NA,-77.861,24.844999
"3819","gbif4438",-77.860977,24.844931,NA,NA,NA,NA,NA,NA,-77.860977,24.844931
"3820","gbif4439",-74.550003,23.950001,NA,NA,NA,NA,NA,NA,-74.550003,23.950001
"3821","gbif444",-82.8673,24.6207,NA,NA,NA,NA,NA,NA,-82.8673,24.6207
"3822","gbif4440",-77.426369,23.79092,NA,NA,NA,NA,NA,NA,-77.426369,23.79092
"3823","gbif4441",-78.085571,25.313219,NA,NA,NA,NA,NA,NA,-78.085571,25.313219
"3824","gbif4442",-87.699867,16.914351,NA,NA,NA,NA,NA,NA,-87.699867,16.914351
"3825","gbif4443",-77.693176,24.6259,NA,NA,NA,NA,NA,NA,-77.693176,24.6259
"3826","gbif4444",-78.002899,25.160101,NA,NA,NA,NA,NA,NA,-78.002899,25.160101
"3827","gbif4445",-77.693176,24.6259,NA,NA,NA,NA,NA,NA,-77.693176,24.6259
"3828","gbif4446",-79.928131,21.656967,NA,NA,NA,NA,NA,NA,-79.928131,21.656967
"3829","gbif4447",-81.46685,21.960484,NA,NA,NA,NA,NA,NA,-81.46685,21.960484
"3830","gbif4448",-81.515869,22.021616,NA,NA,NA,NA,NA,NA,-81.515869,22.021616
"3831","gbif4449",-82.702919,21.481417,NA,NA,NA,NA,NA,NA,-82.702919,21.481417
"3832","gbif445",-82.8673,24.6207,NA,NA,NA,NA,NA,NA,-82.8673,24.6207
"3833","gbif4450",-87.410469,18.408817,NA,NA,NA,NA,NA,NA,-87.410469,18.408817
"3834","gbif4451",-81.515869,22.021616,NA,NA,NA,NA,NA,NA,-81.515869,22.021616
"3835","gbif4452",-81.430435,21.912434,NA,NA,NA,NA,NA,NA,-81.430435,21.912434
"3836","gbif4453",-66.884186,11.800233,NA,NA,NA,NA,NA,NA,-66.884186,11.800233
"3837","gbif4454",-77.983032,25.128851,NA,NA,NA,NA,NA,NA,-77.983032,25.128851
"3838","gbif4455",-77.38237,23.709669,NA,NA,NA,NA,NA,NA,-77.38237,23.709669
"3839","gbif4456",-79.207664,20.966749,NA,NA,NA,NA,NA,NA,-79.207664,20.966749
"3840","gbif4457",-81.515869,22.021616,NA,NA,NA,NA,NA,NA,-81.515869,22.021616
"3841","gbif4458",-79.207664,20.966749,NA,NA,NA,NA,NA,NA,-79.207664,20.966749
"3842","gbif4459",-77.8563,24.84425,NA,NA,NA,NA,NA,NA,-77.8563,24.84425
"3843","gbif446",-91.961644,20.210072,NA,NA,NA,NA,NA,NA,-91.961644,20.210072
"3844","gbif4460",-74.470001,24.15,NA,NA,NA,NA,NA,NA,-74.470001,24.15
"3845","gbif4461",-77.537033,24.097931,-77.5637787323847,24.0913518378895,-77.5143545100944,24.1089292330493,2.60773285796534,5.38905128935586,-77.5143545100944,24.1089292330493
"3846","gbif4462",-79.430214,21.067783,NA,NA,NA,NA,NA,NA,-79.430214,21.067783
"3847","gbif4463",-74.480003,24.16,NA,NA,NA,NA,NA,NA,-74.480003,24.16
"3848","gbif4464",-77.861,24.844999,NA,NA,NA,NA,NA,NA,-77.861,24.844999
"3849","gbif4465",-66.884186,11.800233,NA,NA,NA,NA,NA,NA,-66.884186,11.800233
"3850","gbif4466",-77.693176,24.6259,NA,NA,NA,NA,NA,NA,-77.693176,24.6259
"3851","gbif4467",-82.974403,12.29837,NA,NA,NA,NA,NA,NA,-82.974403,12.29837
"3852","gbif4468",-77.629173,24.253151,NA,NA,NA,NA,NA,NA,-77.629173,24.253151
"3853","gbif4469",-96.092224,19.173889,-96.1009703142468,19.1727047963578,-96.0511205778848,19.1737680622453,4.32337052633634,5.24464616105212,-96.0511205778848,19.1737680622453
"3854","gbif447",-91.961342,20.209181,NA,NA,NA,NA,NA,NA,-91.961342,20.209181
"3855","gbif4470",-87.333969,18.753532,NA,NA,NA,NA,NA,NA,-87.333969,18.753532
"3856","gbif4471",-71.113632,21.4589,NA,NA,NA,NA,NA,NA,-71.113632,21.4589
"3857","gbif4472",-88.038086,17.35215,NA,NA,NA,NA,NA,NA,-88.038086,17.35215
"3858","gbif4473",-77.376999,23.696501,NA,NA,NA,NA,NA,NA,-77.376999,23.696501
"3859","gbif4474",-77.683723,24.5448,NA,NA,NA,NA,NA,NA,-77.683723,24.5448
"3860","gbif4475",-77.770172,24.72917,-77.7820188029016,24.7192993682217,-77.7810705686238,24.7758429047796,5.28615131931617,6.2640192548897,-77.7810705686238,24.7758429047796
"3861","gbif4476",-80.301498,25.11875,NA,NA,NA,NA,NA,NA,-80.301498,25.11875
"3862","gbif4477",-77.629173,24.253151,NA,NA,NA,NA,NA,NA,-77.629173,24.253151
"3863","gbif4478",-78.034332,25.223921,NA,NA,NA,NA,NA,NA,-78.034332,25.223921
"3864","gbif4479",-81.425797,21.902267,NA,NA,NA,NA,NA,NA,-81.425797,21.902267
"3865","gbif448",-91.961342,20.209181,NA,NA,NA,NA,NA,NA,-91.961342,20.209181
"3866","gbif4480",-81.285583,21.8479,-81.3087079617919,21.8414227491664,-81.2483793295055,21.8414227491664,3.91220459364308,6.23656925870371,-81.2483793295055,21.8414227491664
"3867","gbif4481",-77.537033,24.097931,-77.5637787323847,24.0913518378895,-77.5143545100944,24.1089292330493,2.60773285796534,5.38905128935586,-77.5143545100944,24.1089292330493
"3868","gbif4482",-77.983032,25.128851,NA,NA,NA,NA,NA,NA,-77.983032,25.128851
"3869","gbif4483",-66.723,11.881133,NA,NA,NA,NA,NA,NA,-66.723,11.881133
"3870","gbif4484",-76.287369,18.073833,-76.288387782843,18.0734837289975,-76.24745323208,18.1067061874768,5.57580626439327,5.68289900217628,-76.24745323208,18.1067061874768
"3871","gbif4485",-77.743431,24.69953,-77.7678185908596,24.6926048181617,-77.7143915539915,24.7091515376065,3.12580817886443,5.70867593259974,-77.7143915539915,24.7091515376065
"3872","gbif4486",-78.034332,25.223921,NA,NA,NA,NA,NA,NA,-78.034332,25.223921
"3873","gbif4487",-77.376999,23.696501,NA,NA,NA,NA,NA,NA,-77.376999,23.696501
"3874","gbif4488",-81.876953,24.452066,NA,NA,NA,NA,NA,NA,-81.876953,24.452066
"3875","gbif4489",-87.333969,18.753532,NA,NA,NA,NA,NA,NA,-87.333969,18.753532
"3876","gbif449",-91.961644,20.210072,NA,NA,NA,NA,NA,NA,-91.961644,20.210072
"3877","gbif4490",-81.515869,22.021616,NA,NA,NA,NA,NA,NA,-81.515869,22.021616
"3878","gbif4491",-79.199135,20.968517,NA,NA,NA,NA,NA,NA,-79.199135,20.968517
"3879","gbif4492",-78.12722,22.4825,NA,NA,NA,NA,NA,NA,-78.12722,22.4825
"3880","gbif4493",-77.419022,23.778219,NA,NA,NA,NA,NA,NA,-77.419022,23.778219
"3881","gbif4494",-77.743431,24.69953,-77.7678185908596,24.6926048181617,-77.7143915539915,24.7091515376065,3.12580817886443,5.70867593259974,-77.7143915539915,24.7091515376065
"3882","gbif4495",-80.026031,19.677134,NA,NA,NA,NA,NA,NA,-80.026031,19.677134
"3883","gbif4496",-87.447777,19.825001,NA,NA,NA,NA,NA,NA,-87.447777,19.825001
"3884","gbif4497",-76.287369,18.073833,-76.288387782843,18.0734837289975,-76.24745323208,18.1067061874768,5.57580626439327,5.68289900217628,-76.24745323208,18.1067061874768
"3885","gbif4498",-77.693176,24.6259,NA,NA,NA,NA,NA,NA,-77.693176,24.6259
"3886","gbif4499",-77.426369,23.79092,NA,NA,NA,NA,NA,NA,-77.426369,23.79092
"3887","gbif45",-91.394894,22.103539,NA,NA,NA,NA,NA,NA,-91.394894,22.103539
"3888","gbif450",-91.962194,20.210464,NA,NA,NA,NA,NA,NA,-91.962194,20.210464
"3889","gbif4500",-77.937828,25.063669,-77.9796848016266,25.0642250659524,-77.9144285978885,25.0426083734717,3.31929246221483,7.00663945943426,-77.9144285978885,25.0426083734717
"3890","gbif4501",-66.723,11.881133,NA,NA,NA,NA,NA,NA,-66.723,11.881133
"3891","gbif4502",-81.197563,21.804667,NA,NA,NA,NA,NA,NA,-81.197563,21.804667
"3892","gbif4503",-74.540001,23.950001,-74.514568224885,23.9755464987032,-74.5804778662715,23.9755464987032,4.99776850253307,6.70769270674922,-74.5804778662715,23.9755464987032
"3893","gbif4504",-78.284515,18.391582,NA,NA,NA,NA,NA,NA,-78.284515,18.391582
"3894","gbif4505",-77.683723,24.5448,NA,NA,NA,NA,NA,NA,-77.683723,24.5448
"3895","gbif4506",-79.558151,21.217699,NA,NA,NA,NA,NA,NA,-79.558151,21.217699
"3896","gbif4507",-78.085571,25.313219,NA,NA,NA,NA,NA,NA,-78.085571,25.313219
"3897","gbif4508",-77.38237,23.709669,NA,NA,NA,NA,NA,NA,-77.38237,23.709669
"3898","gbif4509",-79.558151,21.217699,NA,NA,NA,NA,NA,NA,-79.558151,21.217699
"3899","gbif451",-91.962194,20.210464,NA,NA,NA,NA,NA,NA,-91.962194,20.210464
"3900","gbif4510",-87.935013,17.385883,NA,NA,NA,NA,NA,NA,-87.935013,17.385883
"3901","gbif4511",-81.07473,19.317633,NA,NA,NA,NA,NA,NA,-81.07473,19.317633
"3902","gbif4512",-74.540001,23.950001,-74.514568224885,23.9755464987032,-74.5804778662715,23.9755464987032,4.99776850253307,6.70769270674922,-74.5804778662715,23.9755464987032
"3903","gbif4513",-87.410469,18.408817,NA,NA,NA,NA,NA,NA,-87.410469,18.408817
"3904","gbif4514",-78.311119,18.377451,NA,NA,NA,NA,NA,NA,-78.311119,18.377451
"3905","gbif4515",-79.091263,20.899683,NA,NA,NA,NA,NA,NA,-79.091263,20.899683
"3906","gbif4516",-78.284515,18.391582,NA,NA,NA,NA,NA,NA,-78.284515,18.391582
"3907","gbif4517",-81.876953,24.452066,NA,NA,NA,NA,NA,NA,-81.876953,24.452066
"3908","gbif4518",-81.519333,22.09885,NA,NA,NA,NA,NA,NA,-81.519333,22.09885
"3909","gbif4519",-77.602501,22.024723,NA,NA,NA,NA,NA,NA,-77.602501,22.024723
"3910","gbif452",-91.962194,20.210464,NA,NA,NA,NA,NA,NA,-91.962194,20.210464
"3911","gbif4520",-81.822517,9.107567,-81.8189797717767,9.1118850475027,-81.7818114465642,9.10337161911821,4.49859028343895,4.19283034563314,-81.7818114465642,9.10337161911821
"3912","gbif4521",-82.974403,12.29837,NA,NA,NA,NA,NA,NA,-82.974403,12.29837
"3913","gbif4522",-77.670677,24.343149,NA,NA,NA,NA,NA,NA,-77.670677,24.343149
"3914","gbif4523",-82.449249,21.543533,NA,NA,NA,NA,NA,NA,-82.449249,21.543533
"3915","gbif4524",-81.519333,22.09885,NA,NA,NA,NA,NA,NA,-81.519333,22.09885
"3916","gbif4525",-81.285583,21.8479,-81.3087079617919,21.8414227491664,-81.2483793295055,21.8414227491664,3.91220459364308,6.23656925870371,-81.2483793295055,21.8414227491664
"3917","gbif4526",-74.470001,24.15,NA,NA,NA,NA,NA,NA,-74.470001,24.15
"3918","gbif4527",-79.558151,21.217699,NA,NA,NA,NA,NA,NA,-79.558151,21.217699
"3919","gbif4528",-77.807671,24.751329,-77.8110915000961,24.7483862432583,-77.7810705686238,24.7758429047796,3.82252174320534,4.2976284442484,-77.7810705686238,24.7758429047796
"3920","gbif4529",-77.770172,24.72917,-77.7820188029016,24.7192993682217,-77.7810705686238,24.7758429047796,5.28615131931617,6.2640192548897,-77.7810705686238,24.7758429047796
"3921","gbif453",-91.962194,20.210464,NA,NA,NA,NA,NA,NA,-91.962194,20.210464
"3922","gbif4530",-77.743431,24.69953,-77.7678185908596,24.6926048181617,-77.7143915539915,24.7091515376065,3.12580817886443,5.70867593259974,-77.7143915539915,24.7091515376065
"3923","gbif4531",-65.248367,18.3311,NA,NA,NA,NA,NA,NA,-65.248367,18.3311
"3924","gbif4532",-81.430435,21.912434,NA,NA,NA,NA,NA,NA,-81.430435,21.912434
"3925","gbif4533",-81.247231,21.833334,NA,NA,NA,NA,NA,NA,-81.247231,21.833334
"3926","gbif4534",-65.314964,18.338083,-65.3120948323764,18.3112263801408,-65.3120948323764,18.373471656169,3.92868076660646,6.88955059508306,-65.3120948323764,18.373471656169
"3927","gbif4535",-87.426613,18.457966,NA,NA,NA,NA,NA,NA,-87.426613,18.457966
"3928","gbif4536",-65.248367,18.3311,NA,NA,NA,NA,NA,NA,-65.248367,18.3311
"3929","gbif4537",-65.248367,18.3311,NA,NA,NA,NA,NA,NA,-65.248367,18.3311
"3930","gbif4538",-79.103485,20.901316,NA,NA,NA,NA,NA,NA,-79.103485,20.901316
"3931","gbif4539",-77.983032,25.128851,NA,NA,NA,NA,NA,NA,-77.983032,25.128851
"3932","gbif454",-91.961342,20.209181,NA,NA,NA,NA,NA,NA,-91.961342,20.209181
"3933","gbif4540",-79.091263,20.899683,NA,NA,NA,NA,NA,NA,-79.091263,20.899683
"3934","gbif4541",-76.98317,26.603333,NA,NA,NA,NA,NA,NA,-76.98317,26.603333
"3935","gbif4542",-78.693054,22.626667,NA,NA,NA,NA,NA,NA,-78.693054,22.626667
"3936","gbif4543",-82.696503,21.4835,NA,NA,NA,NA,NA,NA,-82.696503,21.4835
"3937","gbif4544",-81.519333,22.09885,NA,NA,NA,NA,NA,NA,-81.519333,22.09885
"3938","gbif4545",-83.173401,21.59705,NA,NA,NA,NA,NA,NA,-83.173401,21.59705
"3939","gbif4546",-78.847954,20.811966,NA,NA,NA,NA,NA,NA,-78.847954,20.811966
"3940","gbif4547",-76.988503,26.397833,NA,NA,NA,NA,NA,NA,-76.988503,26.397833
"3941","gbif4548",-81.681801,21.576967,NA,NA,NA,NA,NA,NA,-81.681801,21.576967
"3942","gbif4549",-77.426369,23.79092,NA,NA,NA,NA,NA,NA,-77.426369,23.79092
"3943","gbif455",-91.962194,20.210464,NA,NA,NA,NA,NA,NA,-91.962194,20.210464
"3944","gbif4550",-77.698997,24.483999,NA,NA,NA,NA,NA,NA,-77.698997,24.483999
"3945","gbif4551",-81.515869,22.021616,NA,NA,NA,NA,NA,NA,-81.515869,22.021616
"3946","gbif4552",-77.807716,24.774349,-77.8237235889751,24.7610184835926,-77.7810705686238,24.7758429047796,2.69981166057824,4.61582272947461,-77.7810705686238,24.7758429047796
"3947","gbif4553",-81.077934,19.343901,NA,NA,NA,NA,NA,NA,-81.077934,19.343901
"3948","gbif4554",-77.770172,24.72917,-77.7820188029016,24.7192993682217,-77.7810705686238,24.7758429047796,5.28615131931617,6.2640192548897,-77.7810705686238,24.7758429047796
"3949","gbif4555",-78.991066,20.833683,NA,NA,NA,NA,NA,NA,-78.991066,20.833683
"3950","gbif4556",-77.647881,24.3013,NA,NA,NA,NA,NA,NA,-77.647881,24.3013
"3951","gbif4557",-81.180984,21.784901,NA,NA,NA,NA,NA,NA,-81.180984,21.784901
"3952","gbif4558",-87.287849,18.566816,NA,NA,NA,NA,NA,NA,-87.287849,18.566816
"3953","gbif4559",-77.537033,24.097931,-77.5637787323847,24.0913518378895,-77.5143545100944,24.1089292330493,2.60773285796534,5.38905128935586,-77.5143545100944,24.1089292330493
"3954","gbif456",-91.961586,20.209586,NA,NA,NA,NA,NA,NA,-91.961586,20.209586
"3955","gbif4560",-74.459999,24.16,NA,NA,NA,NA,NA,NA,-74.459999,24.16
"3956","gbif4561",-81.876953,24.452066,NA,NA,NA,NA,NA,NA,-81.876953,24.452066
"3957","gbif4562",-82.338165,21.551767,NA,NA,NA,NA,NA,NA,-82.338165,21.551767
"3958","gbif4563",-80.126663,23.1,NA,NA,NA,NA,NA,NA,-80.126663,23.1
"3959","gbif4564",-77.419022,23.778219,NA,NA,NA,NA,NA,NA,-77.419022,23.778219
"3960","gbif4565",-77.698067,24.439501,NA,NA,NA,NA,NA,NA,-77.698067,24.439501
"3961","gbif4566",-78.085571,25.313219,NA,NA,NA,NA,NA,NA,-78.085571,25.313219
"3962","gbif4567",-81.957298,21.586367,NA,NA,NA,NA,NA,NA,-81.957298,21.586367
"3963","gbif4568",-82.702919,21.481417,NA,NA,NA,NA,NA,NA,-82.702919,21.481417
"3964","gbif4569",-77.693176,24.6259,NA,NA,NA,NA,NA,NA,-77.693176,24.6259
"3965","gbif457",-91.961586,20.209586,NA,NA,NA,NA,NA,NA,-91.961586,20.209586
"3966","gbif4570",-81.515869,22.021616,NA,NA,NA,NA,NA,NA,-81.515869,22.021616
"3967","gbif4571",-87.410469,18.408817,NA,NA,NA,NA,NA,NA,-87.410469,18.408817
"3968","gbif4572",-77.038498,26.63715,NA,NA,NA,NA,NA,NA,-77.038498,26.63715
"3969","gbif4573",-82.702919,21.481417,NA,NA,NA,NA,NA,NA,-82.702919,21.481417
"3970","gbif4574",-79.558151,21.217699,NA,NA,NA,NA,NA,NA,-79.558151,21.217699
"3971","gbif4575",-74.480003,24.16,NA,NA,NA,NA,NA,NA,-74.480003,24.16
"3972","gbif4576",-80.0728,19.656866,NA,NA,NA,NA,NA,NA,-80.0728,19.656866
"3973","gbif4577",-81.479446,21.969482,NA,NA,NA,NA,NA,NA,-81.479446,21.969482
"3974","gbif4578",-77.693176,24.6259,NA,NA,NA,NA,NA,NA,-77.693176,24.6259
"3975","gbif4579",-77.646202,24.29167,NA,NA,NA,NA,NA,NA,-77.646202,24.29167
"3976","gbif458",-91.961342,20.209181,NA,NA,NA,NA,NA,NA,-91.961342,20.209181
"3977","gbif4580",-77.419022,23.778219,NA,NA,NA,NA,NA,NA,-77.419022,23.778219
"3978","gbif4581",-81.285583,21.8479,-81.3087079617919,21.8414227491664,-81.2483793295055,21.8414227491664,3.91220459364308,6.23656925870371,-81.2483793295055,21.8414227491664
"3979","gbif4582",-77.698997,24.483999,NA,NA,NA,NA,NA,NA,-77.698997,24.483999
"3980","gbif4583",-81.515869,22.021616,NA,NA,NA,NA,NA,NA,-81.515869,22.021616
"3981","gbif4584",-87.980034,16.528667,NA,NA,NA,NA,NA,NA,-87.980034,16.528667
"3982","gbif4585",-77.691002,24.630671,NA,NA,NA,NA,NA,NA,-77.691002,24.630671
"3983","gbif4586",-78.012581,18.457783,-78.0136067522523,18.4667927133692,-77.9811076125208,18.506854390515,6.36787866263645,5.6073773036097,-77.9811076125208,18.506854390515
"3984","gbif4587",-77.691002,24.630671,NA,NA,NA,NA,NA,NA,-77.691002,24.630671
"3985","gbif4588",-78.693054,22.626667,NA,NA,NA,NA,NA,NA,-78.693054,22.626667
"3986","gbif4589",-81.515869,22.021616,NA,NA,NA,NA,NA,NA,-81.515869,22.021616
"3987","gbif459",-91.961586,20.209586,NA,NA,NA,NA,NA,NA,-91.961586,20.209586
"3988","gbif4590",-87.822769,17.548384,NA,NA,NA,NA,NA,NA,-87.822769,17.548384
"3989","gbif4591",-74.480003,24.17,NA,NA,NA,NA,NA,NA,-74.480003,24.17
"3990","gbif4592",-78.034332,25.223921,NA,NA,NA,NA,NA,NA,-78.034332,25.223921
"3991","gbif4593",-88.018913,17.672684,NA,NA,NA,NA,NA,NA,-88.018913,17.672684
"3992","gbif4594",-77.983032,25.128851,NA,NA,NA,NA,NA,NA,-77.983032,25.128851
"3993","gbif4595",-80.415115,24.98605,NA,NA,NA,NA,NA,NA,-80.415115,24.98605
"3994","gbif4596",-77.983032,25.128851,NA,NA,NA,NA,NA,NA,-77.983032,25.128851
"3995","gbif4597",-77.376999,23.696501,NA,NA,NA,NA,NA,NA,-77.376999,23.696501
"3996","gbif4598",-87.410469,18.408817,NA,NA,NA,NA,NA,NA,-87.410469,18.408817
"3997","gbif4599",-87.82682,18.239201,NA,NA,NA,NA,NA,NA,-87.82682,18.239201
"3998","gbif46",-91.961644,20.210072,NA,NA,NA,NA,NA,NA,-91.961644,20.210072
"3999","gbif460",-91.961586,20.209586,NA,NA,NA,NA,NA,NA,-91.961586,20.209586
"4000","gbif4600",-78.12722,22.4825,NA,NA,NA,NA,NA,NA,-78.12722,22.4825
"4001","gbif4601",-79.103485,20.901316,NA,NA,NA,NA,NA,NA,-79.103485,20.901316
"4002","gbif4602",-79.145279,22.653334,NA,NA,NA,NA,NA,NA,-79.145279,22.653334
"4003","gbif4603",-78.002899,25.160101,NA,NA,NA,NA,NA,NA,-78.002899,25.160101
"4004","gbif4604",-78.354134,18.31255,NA,NA,NA,NA,NA,NA,-78.354134,18.31255
"4005","gbif4605",-78.311119,18.377451,NA,NA,NA,NA,NA,NA,-78.311119,18.377451
"4006","gbif4606",-79.409164,21.07115,NA,NA,NA,NA,NA,NA,-79.409164,21.07115
"4007","gbif4607",-81.247231,21.833334,NA,NA,NA,NA,NA,NA,-81.247231,21.833334
"4008","gbif4608",-76.874031,18.374866,-76.8774909812692,18.3707152388385,-76.8475643637711,18.373471656169,2.80123325851896,3.1773464161235,-76.8475643637711,18.373471656169
"4009","gbif4609",-77.38237,23.709669,NA,NA,NA,NA,NA,NA,-77.38237,23.709669
"4010","gbif461",-91.961342,20.209181,NA,NA,NA,NA,NA,NA,-91.961342,20.209181
"4011","gbif4610",-77.038498,26.63715,NA,NA,NA,NA,NA,NA,-77.038498,26.63715
"4012","gbif4611",-77.983032,25.128851,NA,NA,NA,NA,NA,NA,-77.983032,25.128851
"4013","gbif4612",-79.145279,22.653334,NA,NA,NA,NA,NA,NA,-79.145279,22.653334
"4014","gbif4613",-77.683723,24.5448,NA,NA,NA,NA,NA,NA,-77.683723,24.5448
"4015","gbif4614",-79.199135,20.968517,NA,NA,NA,NA,NA,NA,-79.199135,20.968517
"4016","gbif4615",-77.743431,24.69953,-77.7678185908596,24.6926048181617,-77.7143915539915,24.7091515376065,3.12580817886443,5.70867593259974,-77.7143915539915,24.7091515376065
"4017","gbif4616",-81.180984,21.784901,NA,NA,NA,NA,NA,NA,-81.180984,21.784901
"4018","gbif4617",-78.902496,22.693611,NA,NA,NA,NA,NA,NA,-78.902496,22.693611
"4019","gbif4618",-76.988464,26.397783,NA,NA,NA,NA,NA,NA,-76.988464,26.397783
"4020","gbif4619",-83.047997,12.19013,NA,NA,NA,NA,NA,NA,-83.047997,12.19013
"4021","gbif462",-91.961644,20.210072,NA,NA,NA,NA,NA,NA,-91.961644,20.210072
"4022","gbif4620",-81.425797,21.902267,NA,NA,NA,NA,NA,NA,-81.425797,21.902267
"4023","gbif4621",-77.602501,22.024723,NA,NA,NA,NA,NA,NA,-77.602501,22.024723
"4024","gbif4622",-87.744049,17.59375,NA,NA,NA,NA,NA,NA,-87.744049,17.59375
"4025","gbif4623",-78.991066,20.833683,NA,NA,NA,NA,NA,NA,-78.991066,20.833683
"4026","gbif4624",-87.426613,18.457966,NA,NA,NA,NA,NA,NA,-87.426613,18.457966
"4027","gbif4625",-79.430214,21.067783,NA,NA,NA,NA,NA,NA,-79.430214,21.067783
"4028","gbif4626",-77.68235,24.367029,NA,NA,NA,NA,NA,NA,-77.68235,24.367029
"4029","gbif4627",-66.723,11.881133,NA,NA,NA,NA,NA,NA,-66.723,11.881133
"4030","gbif4628",-80.588608,23.236666,NA,NA,NA,NA,NA,NA,-80.588608,23.236666
"4031","gbif4629",-80.0728,19.656866,NA,NA,NA,NA,NA,NA,-80.0728,19.656866
"4032","gbif463",-91.961644,20.210072,NA,NA,NA,NA,NA,NA,-91.961644,20.210072
"4033","gbif4630",-77.770172,24.72917,-77.7820188029016,24.7192993682217,-77.7810705686238,24.7758429047796,5.28615131931617,6.2640192548897,-77.7810705686238,24.7758429047796
"4034","gbif4631",-80.415115,24.98605,NA,NA,NA,NA,NA,NA,-80.415115,24.98605
"4035","gbif4632",-78.002899,25.160101,NA,NA,NA,NA,NA,NA,-78.002899,25.160101
"4036","gbif4633",-66.895233,11.792334,NA,NA,NA,NA,NA,NA,-66.895233,11.792334
"4037","gbif4634",-77.861,24.844999,NA,NA,NA,NA,NA,NA,-77.861,24.844999
"4038","gbif4635",-77.426369,23.79092,NA,NA,NA,NA,NA,NA,-77.426369,23.79092
"4039","gbif4636",-96.068336,19.197222,NA,NA,NA,NA,NA,NA,-96.068336,19.197222
"4040","gbif4637",-76.988503,26.397833,NA,NA,NA,NA,NA,NA,-76.988503,26.397833
"4041","gbif4638",-77.38237,23.709669,NA,NA,NA,NA,NA,NA,-77.38237,23.709669
"4042","gbif4639",-80.415115,24.98605,NA,NA,NA,NA,NA,NA,-80.415115,24.98605
"4043","gbif464",-91.961644,20.210072,NA,NA,NA,NA,NA,NA,-91.961644,20.210072
"4044","gbif4640",-83.194504,21.617884,NA,NA,NA,NA,NA,NA,-83.194504,21.617884
"4045","gbif4641",-79.199135,20.968517,NA,NA,NA,NA,NA,NA,-79.199135,20.968517
"4046","gbif4642",-79.558151,21.217699,NA,NA,NA,NA,NA,NA,-79.558151,21.217699
"4047","gbif4643",-81.681801,21.576967,NA,NA,NA,NA,NA,NA,-81.681801,21.576967
"4048","gbif4644",-78.034332,25.223921,NA,NA,NA,NA,NA,NA,-78.034332,25.223921
"4049","gbif4645",-81.077934,19.343901,NA,NA,NA,NA,NA,NA,-81.077934,19.343901
"4050","gbif4646",-81.405151,24.546074,NA,NA,NA,NA,NA,NA,-81.405151,24.546074
"4051","gbif4647",-82.449249,21.543533,NA,NA,NA,NA,NA,NA,-82.449249,21.543533
"4052","gbif4648",-79.755836,22.946667,NA,NA,NA,NA,NA,NA,-79.755836,22.946667
"4053","gbif4649",-79.467415,21.079517,NA,NA,NA,NA,NA,NA,-79.467415,21.079517
"4054","gbif465",-91.961586,20.209586,NA,NA,NA,NA,NA,NA,-91.961586,20.209586
"4055","gbif4650",-77.537033,24.097931,-77.5637787323847,24.0913518378895,-77.5143545100944,24.1089292330493,2.60773285796534,5.38905128935586,-77.5143545100944,24.1089292330493
"4056","gbif4651",-79.409164,21.07115,NA,NA,NA,NA,NA,NA,-79.409164,21.07115
"4057","gbif4652",-81.180984,21.784901,NA,NA,NA,NA,NA,NA,-81.180984,21.784901
"4058","gbif4653",-87.313454,18.770166,NA,NA,NA,NA,NA,NA,-87.313454,18.770166
"4059","gbif4654",-76.950386,26.532284,NA,NA,NA,NA,NA,NA,-76.950386,26.532284
"4060","gbif4655",-71.110466,21.43845,NA,NA,NA,NA,NA,NA,-71.110466,21.43845
"4061","gbif4656",-81.822517,9.107567,-81.8189797717767,9.1118850475027,-81.7818114465642,9.10337161911821,4.49859028343895,4.19283034563314,-81.7818114465642,9.10337161911821
"4062","gbif4657",-77.426369,23.79092,NA,NA,NA,NA,NA,NA,-77.426369,23.79092
"4063","gbif4658",-77.698067,24.439501,NA,NA,NA,NA,NA,NA,-77.698067,24.439501
"4064","gbif4659",-81.146202,19.291267,NA,NA,NA,NA,NA,NA,-81.146202,19.291267
"4065","gbif466",-82.8673,24.6207,NA,NA,NA,NA,NA,NA,-82.8673,24.6207
"4066","gbif4660",-81.247231,21.833334,NA,NA,NA,NA,NA,NA,-81.247231,21.833334
"4067","gbif4661",-78.122498,18.468611,-78.1210207641671,18.4506174075774,-78.1144656417855,18.506854390515,4.31715359266165,6.26300056998444,-78.1144656417855,18.506854390515
"4068","gbif4662",-78.200836,20.568832,NA,NA,NA,NA,NA,NA,-78.200836,20.568832
"4069","gbif4663",-77.770172,24.72917,-77.7820188029016,24.7192993682217,-77.7810705686238,24.7758429047796,5.28615131931617,6.2640192548897,-77.7810705686238,24.7758429047796
"4070","gbif4664",-79.584999,22.833611,NA,NA,NA,NA,NA,NA,-79.584999,22.833611
"4071","gbif4665",-77.693176,24.6259,NA,NA,NA,NA,NA,NA,-77.693176,24.6259
"4072","gbif4666",-66.723,11.881133,NA,NA,NA,NA,NA,NA,-66.723,11.881133
"4073","gbif4667",-81.519333,22.09885,NA,NA,NA,NA,NA,NA,-81.519333,22.09885
"4074","gbif4668",-66.723,11.881133,NA,NA,NA,NA,NA,NA,-66.723,11.881133
"4075","gbif4669",-76.287369,18.073833,-76.288387782843,18.0734837289975,-76.24745323208,18.1067061874768,5.57580626439327,5.68289900217628,-76.24745323208,18.1067061874768
"4076","gbif467",-82.8673,24.6207,NA,NA,NA,NA,NA,NA,-82.8673,24.6207
"4077","gbif4670",-70.818466,21.022816,NA,NA,NA,NA,NA,NA,-70.818466,21.022816
"4078","gbif4671",-77.68235,24.367029,NA,NA,NA,NA,NA,NA,-77.68235,24.367029
"4079","gbif4672",-78.085571,25.313219,NA,NA,NA,NA,NA,NA,-78.085571,25.313219
"4080","gbif4673",-79.430214,21.067783,NA,NA,NA,NA,NA,NA,-79.430214,21.067783
"4081","gbif4674",-78.847954,20.811966,NA,NA,NA,NA,NA,NA,-78.847954,20.811966
"4082","gbif4675",-74.550003,23.950001,NA,NA,NA,NA,NA,NA,-74.550003,23.950001
"4083","gbif4676",-80.126663,23.1,NA,NA,NA,NA,NA,NA,-80.126663,23.1
"4084","gbif4677",-77.807716,24.774349,-77.8237235889751,24.7610184835926,-77.7810705686238,24.7758429047796,2.69981166057824,4.61582272947461,-77.7810705686238,24.7758429047796
"4085","gbif4678",-82.805,9.738334,NA,NA,NA,NA,NA,NA,-82.805,9.738334
"4086","gbif4679",-77.770172,24.72917,-77.7820188029016,24.7192993682217,-77.7810705686238,24.7758429047796,5.28615131931617,6.2640192548897,-77.7810705686238,24.7758429047796
"4087","gbif468",-86.972892,20.934238,-86.892757918133,20.907743608744,-86.849416558622,20.907743608744,13.175221224991,4.50898367805427,-86.849416558622,20.907743608744
"4088","gbif4680",-77.629173,24.253151,NA,NA,NA,NA,NA,NA,-77.629173,24.253151
"4089","gbif4681",-79.971634,21.677134,NA,NA,NA,NA,NA,NA,-79.971634,21.677134
"4090","gbif4682",-77.983032,25.128851,NA,NA,NA,NA,NA,NA,-77.983032,25.128851
"4091","gbif4683",-78.885536,9.5436,NA,NA,NA,NA,NA,NA,-78.885536,9.5436
"4092","gbif4684",-77.426369,23.79092,NA,NA,NA,NA,NA,NA,-77.426369,23.79092
"4093","gbif4685",-61.349133,12.633467,NA,NA,NA,NA,NA,NA,-61.349133,12.633467
"4094","gbif4686",-77.983032,25.128851,NA,NA,NA,NA,NA,NA,-77.983032,25.128851
"4095","gbif4687",-81.247231,21.833334,NA,NA,NA,NA,NA,NA,-81.247231,21.833334
"4096","gbif4688",-78.991066,20.833683,NA,NA,NA,NA,NA,NA,-78.991066,20.833683
"4097","gbif4689",-77.860977,24.844931,NA,NA,NA,NA,NA,NA,-77.860977,24.844931
"4098","gbif469",-70.776419,12.6332,NA,NA,NA,NA,NA,NA,-70.776419,12.6332
"4099","gbif4690",-77.38237,23.709669,NA,NA,NA,NA,NA,NA,-77.38237,23.709669
"4100","gbif4691",-77.770172,24.72917,-77.7820188029016,24.7192993682217,-77.7810705686238,24.7758429047796,5.28615131931617,6.2640192548897,-77.7810705686238,24.7758429047796
"4101","gbif4692",-79.409164,21.07115,NA,NA,NA,NA,NA,NA,-79.409164,21.07115
"4102","gbif4693",-81.405151,24.546074,NA,NA,NA,NA,NA,NA,-81.405151,24.546074
"4103","gbif4694",-77.537033,24.097931,-77.5637787323847,24.0913518378895,-77.5143545100944,24.1089292330493,2.60773285796534,5.38905128935586,-77.5143545100944,24.1089292330493
"4104","gbif4695",-74.449997,24.139999,NA,NA,NA,NA,NA,NA,-74.449997,24.139999
"4105","gbif4696",-77.537033,24.097931,-77.5637787323847,24.0913518378895,-77.5143545100944,24.1089292330493,2.60773285796534,5.38905128935586,-77.5143545100944,24.1089292330493
"4106","gbif4697",-77.770172,24.72917,-77.7820188029016,24.7192993682217,-77.7810705686238,24.7758429047796,5.28615131931617,6.2640192548897,-77.7810705686238,24.7758429047796
"4107","gbif4698",-65.314964,18.338083,-65.3120948323764,18.3112263801408,-65.3120948323764,18.373471656169,3.92868076660646,6.88955059508306,-65.3120948323764,18.373471656169
"4108","gbif4699",-79.584999,22.833611,NA,NA,NA,NA,NA,NA,-79.584999,22.833611
"4109","gbif47",-91.961586,20.209586,NA,NA,NA,NA,NA,NA,-91.961586,20.209586
"4110","gbif470",-82.8696,24.6206,NA,NA,NA,NA,NA,NA,-82.8696,24.6206
"4111","gbif4700",-77.38237,23.709669,NA,NA,NA,NA,NA,NA,-77.38237,23.709669
"4112","gbif4701",-78.002899,25.160101,NA,NA,NA,NA,NA,NA,-78.002899,25.160101
"4113","gbif4702",-81.876953,24.452066,NA,NA,NA,NA,NA,NA,-81.876953,24.452066
"4114","gbif4703",-71.113632,21.4589,NA,NA,NA,NA,NA,NA,-71.113632,21.4589
"4115","gbif4704",-76.8032,18.318466,-76.8078125425649,18.3136721753972,-76.7808853491387,18.3067802889959,2.69033842812956,2.94712658400154,-76.7808853491387,18.3067802889959
"4116","gbif4705",-79.145279,22.653334,NA,NA,NA,NA,NA,NA,-79.145279,22.653334
"4117","gbif4706",-79.755836,22.946667,NA,NA,NA,NA,NA,NA,-79.755836,22.946667
"4118","gbif4707",-77.698067,24.439501,NA,NA,NA,NA,NA,NA,-77.698067,24.439501
"4119","gbif4708",-77.807671,24.751329,-77.8110915000961,24.7483862432583,-77.7810705686238,24.7758429047796,3.82252174320534,4.2976284442484,-77.7810705686238,24.7758429047796
"4120","gbif4709",-65.264786,18.338383,-65.2898684941656,18.3067802889959,-65.245415817744,18.3067802889959,4.05315173588614,4.69955400013281,-65.245415817744,18.3067802889959
"4121","gbif471",-82.8673,24.6207,NA,NA,NA,NA,NA,NA,-82.8673,24.6207
"4122","gbif4710",-64.231499,18.666082,NA,NA,NA,NA,NA,NA,-64.231499,18.666082
"4123","gbif4711",-77.698067,24.439501,NA,NA,NA,NA,NA,NA,-77.698067,24.439501
"4124","gbif4712",-79.287949,21.084616,-79.2924615669568,21.1078177102631,-79.2480088905353,21.1078177102631,4.88064440697303,4.61843747961783,-79.2480088905353,21.1078177102631
"4125","gbif4713",-88.038086,17.35215,NA,NA,NA,NA,NA,NA,-88.038086,17.35215
"4126","gbif4714",-81.146202,19.291267,NA,NA,NA,NA,NA,NA,-81.146202,19.291267
"4127","gbif4715",-78.085571,25.313219,NA,NA,NA,NA,NA,NA,-78.085571,25.313219
"4128","gbif4716",-78.354134,18.31255,NA,NA,NA,NA,NA,NA,-78.354134,18.31255
"4129","gbif4717",-77.376999,23.696501,NA,NA,NA,NA,NA,NA,-77.376999,23.696501
"4130","gbif4718",-76.950386,26.532284,NA,NA,NA,NA,NA,NA,-76.950386,26.532284
"4131","gbif4719",-81.425797,21.902267,NA,NA,NA,NA,NA,NA,-81.425797,21.902267
"4132","gbif472",-82.8673,24.6207,NA,NA,NA,NA,NA,NA,-82.8673,24.6207
"4133","gbif4720",-79.467415,21.079517,NA,NA,NA,NA,NA,NA,-79.467415,21.079517
"4134","gbif4721",-66.580452,11.778517,NA,NA,NA,NA,NA,NA,-66.580452,11.778517
"4135","gbif4722",-82.304085,21.560801,NA,NA,NA,NA,NA,NA,-82.304085,21.560801
"4136","gbif4723",-77.426369,23.79092,NA,NA,NA,NA,NA,NA,-77.426369,23.79092
"4137","gbif4724",-77.698067,24.439501,NA,NA,NA,NA,NA,NA,-77.698067,24.439501
"4138","gbif4725",-77.419022,23.778219,NA,NA,NA,NA,NA,NA,-77.419022,23.778219
"4139","gbif4726",-77.646202,24.29167,NA,NA,NA,NA,NA,NA,-77.646202,24.29167
"4140","gbif4727",-77.861,24.844999,NA,NA,NA,NA,NA,NA,-77.861,24.844999
"4141","gbif4728",-77.937828,25.063669,-77.9796848016266,25.0642250659524,-77.9144285978885,25.0426083734717,3.31929246221483,7.00663945943426,-77.9144285978885,25.0426083734717
"4142","gbif4729",-81.514603,22.036051,NA,NA,NA,NA,NA,NA,-81.514603,22.036051
"4143","gbif473",-82.8673,24.6207,NA,NA,NA,NA,NA,NA,-82.8673,24.6207
"4144","gbif4730",-79.091263,20.899683,NA,NA,NA,NA,NA,NA,-79.091263,20.899683
"4145","gbif4731",-77.860977,24.844931,NA,NA,NA,NA,NA,NA,-77.860977,24.844931
"4146","gbif4732",-81.405151,24.546074,NA,NA,NA,NA,NA,NA,-81.405151,24.546074
"4147","gbif4733",-77.647881,24.3013,NA,NA,NA,NA,NA,NA,-77.647881,24.3013
"4148","gbif4734",-79.88282,19.680733,NA,NA,NA,NA,NA,NA,-79.88282,19.680733
"4149","gbif4735",-77.683723,24.5448,NA,NA,NA,NA,NA,NA,-77.683723,24.5448
"4150","gbif4736",-76.959,26.577499,NA,NA,NA,NA,NA,NA,-76.959,26.577499
"4151","gbif4737",-79.755836,22.946667,NA,NA,NA,NA,NA,NA,-79.755836,22.946667
"4152","gbif4738",-71.113632,21.4589,NA,NA,NA,NA,NA,NA,-71.113632,21.4589
"4153","gbif4739",-79.558151,21.217699,NA,NA,NA,NA,NA,NA,-79.558151,21.217699
"4154","gbif474",-82.8673,24.6207,NA,NA,NA,NA,NA,NA,-82.8673,24.6207
"4155","gbif4740",-82.782753,21.451134,NA,NA,NA,NA,NA,NA,-82.782753,21.451134
"4156","gbif4741",-78.085571,25.313219,NA,NA,NA,NA,NA,NA,-78.085571,25.313219
"4157","gbif4742",-77.683723,24.5448,NA,NA,NA,NA,NA,NA,-77.683723,24.5448
"4158","gbif4743",-87.316513,18.510616,NA,NA,NA,NA,NA,NA,-87.316513,18.510616
"4159","gbif4744",-77.602501,22.024723,NA,NA,NA,NA,NA,NA,-77.602501,22.024723
"4160","gbif4745",-78.280998,20.6061,NA,NA,NA,NA,NA,NA,-78.280998,20.6061
"4161","gbif4746",-76.456932,18.191151,-76.4572595168103,18.1903139212627,-76.447490275977,18.2400889218229,5.50786590709841,5.60528829931112,-76.447490275977,18.2400889218229
"4162","gbif4747",-78.085571,25.313219,NA,NA,NA,NA,NA,NA,-78.085571,25.313219
"4163","gbif4748",-82.09893,21.51545,NA,NA,NA,NA,NA,NA,-82.09893,21.51545
"4164","gbif4749",-66.723,11.881133,NA,NA,NA,NA,NA,NA,-66.723,11.881133
"4165","gbif475",-82.8673,24.6207,NA,NA,NA,NA,NA,NA,-82.8673,24.6207
"4166","gbif4750",-77.376999,23.696501,NA,NA,NA,NA,NA,NA,-77.376999,23.696501
"4167","gbif4751",-78.902435,20.772367,NA,NA,NA,NA,NA,NA,-78.902435,20.772367
"4168","gbif4752",-81.180984,21.784901,NA,NA,NA,NA,NA,NA,-81.180984,21.784901
"4169","gbif4753",-77.652779,22.176945,NA,NA,NA,NA,NA,NA,-77.652779,22.176945
"4170","gbif4754",-77.770172,24.72917,-77.7820188029016,24.7192993682217,-77.7810705686238,24.7758429047796,5.28615131931617,6.2640192548897,-77.7810705686238,24.7758429047796
"4171","gbif4755",-79.409164,21.07115,NA,NA,NA,NA,NA,NA,-79.409164,21.07115
"4172","gbif4756",-74.459999,24.139999,NA,NA,NA,NA,NA,NA,-74.459999,24.139999
"4173","gbif4757",-66.723,11.881133,NA,NA,NA,NA,NA,NA,-66.723,11.881133
"4174","gbif4758",-81.479446,21.969482,NA,NA,NA,NA,NA,NA,-81.479446,21.969482
"4175","gbif4759",-77.68235,24.367029,NA,NA,NA,NA,NA,NA,-77.68235,24.367029
"4176","gbif476",-82.8673,24.6207,NA,NA,NA,NA,NA,NA,-82.8673,24.6207
"4177","gbif4760",-77.426369,23.79092,NA,NA,NA,NA,NA,NA,-77.426369,23.79092
"4178","gbif4761",-74.459999,24.139999,NA,NA,NA,NA,NA,NA,-74.459999,24.139999
"4179","gbif4762",-76.988503,26.397833,NA,NA,NA,NA,NA,NA,-76.988503,26.397833
"4180","gbif4763",-71.110466,21.43845,NA,NA,NA,NA,NA,NA,-71.110466,21.43845
"4181","gbif4764",-81.417519,21.891001,NA,NA,NA,NA,NA,NA,-81.417519,21.891001
"4182","gbif4765",-79.88282,19.680733,NA,NA,NA,NA,NA,NA,-79.88282,19.680733
"4183","gbif4766",-77.629173,24.253151,NA,NA,NA,NA,NA,NA,-77.629173,24.253151
"4184","gbif4767",-77.647881,24.3013,NA,NA,NA,NA,NA,NA,-77.647881,24.3013
"4185","gbif4768",-77.983032,25.128851,NA,NA,NA,NA,NA,NA,-77.983032,25.128851
"4186","gbif4769",-79.409164,21.07115,NA,NA,NA,NA,NA,NA,-79.409164,21.07115
"4187","gbif477",-82.8673,24.6207,NA,NA,NA,NA,NA,NA,-82.8673,24.6207
"4188","gbif4770",-78.002899,25.160101,NA,NA,NA,NA,NA,NA,-78.002899,25.160101
"4189","gbif4771",-71.110466,21.43845,NA,NA,NA,NA,NA,NA,-71.110466,21.43845
"4190","gbif4772",-81.822517,9.107567,-81.8189797717767,9.1118850475027,-81.7818114465642,9.10337161911821,4.49859028343895,4.19283034563314,-81.7818114465642,9.10337161911821
"4191","gbif4773",-78.590469,9.47465,NA,NA,NA,NA,NA,NA,-78.590469,9.47465
"4192","gbif4774",-82.065933,9.272767,-82.103263513904,9.26535743003132,-82.0485275050935,9.23675435346425,4.41842005211074,6.79569046701186,-82.0485275050935,9.23675435346425
"4193","gbif4775",-78.036499,9.5165,NA,NA,NA,NA,NA,NA,-78.036499,9.5165
"4194","gbif4776",-79.467415,21.079517,NA,NA,NA,NA,NA,NA,-79.467415,21.079517
"4195","gbif4777",-79.019485,20.846001,NA,NA,NA,NA,NA,NA,-79.019485,20.846001
"4196","gbif4778",-87.959999,17.889999,NA,NA,NA,NA,NA,NA,-87.959999,17.889999
"4197","gbif4779",-78.847954,20.811966,NA,NA,NA,NA,NA,NA,-78.847954,20.811966
"4198","gbif478",-82.8673,24.6207,NA,NA,NA,NA,NA,NA,-82.8673,24.6207
"4199","gbif4780",-77.537033,24.097931,-77.5637787323847,24.0913518378895,-77.5143545100944,24.1089292330493,2.60773285796534,5.38905128935586,-77.5143545100944,24.1089292330493
"4200","gbif4781",-76.8032,18.318466,-76.8078125425649,18.3136721753972,-76.7808853491387,18.3067802889959,2.69033842812956,2.94712658400154,-76.7808853491387,18.3067802889959
"4201","gbif4782",-77.537033,24.097931,-77.5637787323847,24.0913518378895,-77.5143545100944,24.1089292330493,2.60773285796534,5.38905128935586,-77.5143545100944,24.1089292330493
"4202","gbif4783",-82.317146,21.562784,NA,NA,NA,NA,NA,NA,-82.317146,21.562784
"4203","gbif4784",-79.145279,22.653334,NA,NA,NA,NA,NA,NA,-79.145279,22.653334
"4204","gbif4785",-79.019485,20.846001,NA,NA,NA,NA,NA,NA,-79.019485,20.846001
"4205","gbif4786",-80.588608,23.236666,NA,NA,NA,NA,NA,NA,-80.588608,23.236666
"4206","gbif4787",-77.858597,24.842171,NA,NA,NA,NA,NA,NA,-77.858597,24.842171
"4207","gbif4788",-81.519333,22.09885,NA,NA,NA,NA,NA,NA,-81.519333,22.09885
"4208","gbif4789",-79.558151,21.217699,NA,NA,NA,NA,NA,NA,-79.558151,21.217699
"4209","gbif479",-82.8673,24.6207,NA,NA,NA,NA,NA,NA,-82.8673,24.6207
"4210","gbif4790",-74.480003,24.16,NA,NA,NA,NA,NA,NA,-74.480003,24.16
"4211","gbif4791",-87.882385,16.740784,NA,NA,NA,NA,NA,NA,-87.882385,16.740784
"4212","gbif4792",-81.46685,21.960484,NA,NA,NA,NA,NA,NA,-81.46685,21.960484
"4213","gbif4793",-77.861,24.844999,NA,NA,NA,NA,NA,NA,-77.861,24.844999
"4214","gbif4794",-74.480003,24.17,NA,NA,NA,NA,NA,NA,-74.480003,24.17
"4215","gbif4795",-77.683723,24.5448,NA,NA,NA,NA,NA,NA,-77.683723,24.5448
"4216","gbif4796",-79.755836,22.946667,NA,NA,NA,NA,NA,NA,-79.755836,22.946667
"4217","gbif4797",-79.88282,19.680733,NA,NA,NA,NA,NA,NA,-79.88282,19.680733
"4218","gbif4798",-87.82972,18.210833,NA,NA,NA,NA,NA,NA,-87.82972,18.210833
"4219","gbif4799",-82.805,9.738334,NA,NA,NA,NA,NA,NA,-82.805,9.738334
"4220","gbif48",-91.979972,20.212222,NA,NA,NA,NA,NA,NA,-91.979972,20.212222
"4221","gbif480",-82.8673,24.6207,NA,NA,NA,NA,NA,NA,-82.8673,24.6207
"4222","gbif4800",-81.285583,21.8479,-81.3087079617919,21.8414227491664,-81.2483793295055,21.8414227491664,3.91220459364308,6.23656925870371,-81.2483793295055,21.8414227491664
"4223","gbif4801",-77.693176,24.6259,NA,NA,NA,NA,NA,NA,-77.693176,24.6259
"4224","gbif4802",-81.111313,24.625584,NA,NA,NA,NA,NA,NA,-81.111313,24.625584
"4225","gbif4803",-81.92717,21.595783,NA,NA,NA,NA,NA,NA,-81.92717,21.595783
"4226","gbif4804",-74.449997,24.139999,NA,NA,NA,NA,NA,NA,-74.449997,24.139999
"4227","gbif4805",-77.38237,23.709669,NA,NA,NA,NA,NA,NA,-77.38237,23.709669
"4228","gbif4806",-81.957298,21.586367,NA,NA,NA,NA,NA,NA,-81.957298,21.586367
"4229","gbif4807",-77.698067,24.439501,NA,NA,NA,NA,NA,NA,-77.698067,24.439501
"4230","gbif4808",-77.376999,23.696501,NA,NA,NA,NA,NA,NA,-77.376999,23.696501
"4231","gbif4809",-79.103485,20.901316,NA,NA,NA,NA,NA,NA,-79.103485,20.901316
"4232","gbif481",-82.8673,24.6207,NA,NA,NA,NA,NA,NA,-82.8673,24.6207
"4233","gbif4810",-78.085571,25.313219,NA,NA,NA,NA,NA,NA,-78.085571,25.313219
"4234","gbif4811",-79.558151,21.217699,NA,NA,NA,NA,NA,NA,-79.558151,21.217699
"4235","gbif4812",-78.109665,20.584999,NA,NA,NA,NA,NA,NA,-78.109665,20.584999
"4236","gbif4813",-78.034332,25.223921,NA,NA,NA,NA,NA,NA,-78.034332,25.223921
"4237","gbif4814",-77.647881,24.3013,NA,NA,NA,NA,NA,NA,-77.647881,24.3013
"4238","gbif4815",-81.180984,21.784901,NA,NA,NA,NA,NA,NA,-81.180984,21.784901
"4239","gbif4816",-74.480003,24.17,NA,NA,NA,NA,NA,NA,-74.480003,24.17
"4240","gbif4817",-81.519333,22.09885,NA,NA,NA,NA,NA,NA,-81.519333,22.09885
"4241","gbif4818",-79.467415,21.079517,NA,NA,NA,NA,NA,NA,-79.467415,21.079517
"4242","gbif4819",-87.699867,16.914351,NA,NA,NA,NA,NA,NA,-87.699867,16.914351
"4243","gbif482",-82.8673,24.6207,NA,NA,NA,NA,NA,NA,-82.8673,24.6207
"4244","gbif4820",-81.515869,22.021616,NA,NA,NA,NA,NA,NA,-81.515869,22.021616
"4245","gbif4821",-78.034332,25.223921,NA,NA,NA,NA,NA,NA,-78.034332,25.223921
"4246","gbif4822",-77.376999,23.696501,NA,NA,NA,NA,NA,NA,-77.376999,23.696501
"4247","gbif4823",-80.301498,25.11875,NA,NA,NA,NA,NA,NA,-80.301498,25.11875
"4248","gbif4824",-80.126663,23.1,NA,NA,NA,NA,NA,NA,-80.126663,23.1
"4249","gbif4825",-81.425797,21.902267,NA,NA,NA,NA,NA,NA,-81.425797,21.902267
"4250","gbif4826",-77.602501,22.024723,NA,NA,NA,NA,NA,NA,-77.602501,22.024723
"4251","gbif4827",-66.580452,11.778517,NA,NA,NA,NA,NA,NA,-66.580452,11.778517
"4252","gbif4828",-79.430214,21.067783,NA,NA,NA,NA,NA,NA,-79.430214,21.067783
"4253","gbif4829",-76.988503,26.397833,NA,NA,NA,NA,NA,NA,-76.988503,26.397833
"4254","gbif483",-82.8673,24.6207,NA,NA,NA,NA,NA,NA,-82.8673,24.6207
"4255","gbif4830",-66.622665,11.954284,NA,NA,NA,NA,NA,NA,-66.622665,11.954284
"4256","gbif4831",-77.537033,24.097931,-77.5637787323847,24.0913518378895,-77.5143545100944,24.1089292330493,2.60773285796534,5.38905128935586,-77.5143545100944,24.1089292330493
"4257","gbif4832",-79.971634,21.677134,NA,NA,NA,NA,NA,NA,-79.971634,21.677134
"4258","gbif4833",-81.92717,21.595783,NA,NA,NA,NA,NA,NA,-81.92717,21.595783
"4259","gbif4834",-74.540001,23.950001,-74.514568224885,23.9755464987032,-74.5804778662715,23.9755464987032,4.99776850253307,6.70769270674922,-74.5804778662715,23.9755464987032
"4260","gbif4835",-81.430435,21.912434,NA,NA,NA,NA,NA,NA,-81.430435,21.912434
"4261","gbif4836",-77.91893,18.505917,-77.9193917071847,18.5074441847231,-77.9811076125208,18.506854390515,6.56669022114025,6.51741291548042,-77.9811076125208,18.506854390515
"4262","gbif4837",-78.034332,25.223921,NA,NA,NA,NA,NA,NA,-78.034332,25.223921
"4263","gbif4838",-87.699867,16.914351,NA,NA,NA,NA,NA,NA,-87.699867,16.914351
"4264","gbif4839",-81.07473,19.317633,NA,NA,NA,NA,NA,NA,-81.07473,19.317633
"4265","gbif484",-82.8673,24.6207,NA,NA,NA,NA,NA,NA,-82.8673,24.6207
"4266","gbif4840",-66.723,11.881133,NA,NA,NA,NA,NA,NA,-66.723,11.881133
"4267","gbif4841",-71.110466,21.43845,NA,NA,NA,NA,NA,NA,-71.110466,21.43845
"4268","gbif4842",-81.425797,21.902267,NA,NA,NA,NA,NA,NA,-81.425797,21.902267
"4269","gbif4843",-77.807671,24.751329,-77.8110915000961,24.7483862432583,-77.7810705686238,24.7758429047796,3.82252174320534,4.2976284442484,-77.7810705686238,24.7758429047796
"4270","gbif4844",-80.218903,25.208883,NA,NA,NA,NA,NA,NA,-80.218903,25.208883
"4271","gbif4845",-81.681801,21.576967,NA,NA,NA,NA,NA,NA,-81.681801,21.576967
"4272","gbif4846",-77.537033,24.097931,-77.5637787323847,24.0913518378895,-77.5143545100944,24.1089292330493,2.60773285796534,5.38905128935586,-77.5143545100944,24.1089292330493
"4273","gbif4847",-77.693176,24.6259,NA,NA,NA,NA,NA,NA,-77.693176,24.6259
"4274","gbif4848",-78.126945,18.465834,-78.1256766267009,18.4502618987128,-78.1144656417855,18.506854390515,4.72777728810956,6.37489148415,-78.1144656417855,18.506854390515
"4275","gbif4849",-87.980034,16.528667,NA,NA,NA,NA,NA,NA,-87.980034,16.528667
"4276","gbif485",-82.8673,24.6207,NA,NA,NA,NA,NA,NA,-82.8673,24.6207
"4277","gbif4850",-77.8563,24.84425,NA,NA,NA,NA,NA,NA,-77.8563,24.84425
"4278","gbif4851",-79.971634,21.677134,NA,NA,NA,NA,NA,NA,-79.971634,21.677134
"4279","gbif4852",-82.696503,21.4835,NA,NA,NA,NA,NA,NA,-82.696503,21.4835
"4280","gbif4853",-77.8563,24.84425,NA,NA,NA,NA,NA,NA,-77.8563,24.84425
"4281","gbif4854",-77.693176,24.6259,NA,NA,NA,NA,NA,NA,-77.693176,24.6259
"4282","gbif4855",-81.430435,21.912434,NA,NA,NA,NA,NA,NA,-81.430435,21.912434
"4283","gbif4856",-81.876953,24.452066,NA,NA,NA,NA,NA,NA,-81.876953,24.452066
"4284","gbif4857",-78.002899,25.160101,NA,NA,NA,NA,NA,NA,-78.002899,25.160101
"4285","gbif4858",-82.317146,21.562784,NA,NA,NA,NA,NA,NA,-82.317146,21.562784
"4286","gbif4859",-81.515869,22.021616,NA,NA,NA,NA,NA,NA,-81.515869,22.021616
"4287","gbif486",-82.8673,24.6207,NA,NA,NA,NA,NA,NA,-82.8673,24.6207
"4288","gbif4860",-80.218903,25.208883,NA,NA,NA,NA,NA,NA,-80.218903,25.208883
"4289","gbif4861",-77.376999,23.696501,NA,NA,NA,NA,NA,NA,-77.376999,23.696501
"4290","gbif4862",-77.647881,24.3013,NA,NA,NA,NA,NA,NA,-77.647881,24.3013
"4291","gbif4863",-77.983032,25.128851,NA,NA,NA,NA,NA,NA,-77.983032,25.128851
"4292","gbif4864",-81.197563,21.804667,NA,NA,NA,NA,NA,NA,-81.197563,21.804667
"4293","gbif4865",-77.861,24.844999,NA,NA,NA,NA,NA,NA,-77.861,24.844999
"4294","gbif4866",-78.002899,25.160101,NA,NA,NA,NA,NA,NA,-78.002899,25.160101
"4295","gbif4867",-78.034332,25.223921,NA,NA,NA,NA,NA,NA,-78.034332,25.223921
"4296","gbif4868",-78.002899,25.160101,NA,NA,NA,NA,NA,NA,-78.002899,25.160101
"4297","gbif4869",-79.755836,22.946667,NA,NA,NA,NA,NA,NA,-79.755836,22.946667
"4298","gbif487",-80.375,25.0091,NA,NA,NA,NA,NA,NA,-80.375,25.0091
"4299","gbif4870",-81.92717,21.595783,NA,NA,NA,NA,NA,NA,-81.92717,21.595783
"4300","gbif4871",-71.113632,21.4589,NA,NA,NA,NA,NA,NA,-71.113632,21.4589
"4301","gbif4872",-81.519333,22.09885,NA,NA,NA,NA,NA,NA,-81.519333,22.09885
"4302","gbif4873",-78.040833,22.424999,NA,NA,NA,NA,NA,NA,-78.040833,22.424999
"4303","gbif4874",-77.38237,23.709669,NA,NA,NA,NA,NA,NA,-77.38237,23.709669
"4304","gbif4875",-77.376999,23.696501,NA,NA,NA,NA,NA,NA,-77.376999,23.696501
"4305","gbif4876",-81.635834,21.580917,NA,NA,NA,NA,NA,NA,-81.635834,21.580917
"4306","gbif4877",-66.580452,11.778517,NA,NA,NA,NA,NA,NA,-66.580452,11.778517
"4307","gbif4878",-77.743431,24.69953,-77.7678185908596,24.6926048181617,-77.7143915539915,24.7091515376065,3.12580817886443,5.70867593259974,-77.7143915539915,24.7091515376065
"4308","gbif4879",-77.693176,24.6259,NA,NA,NA,NA,NA,NA,-77.693176,24.6259
"4309","gbif488",-81.857,24.4548,NA,NA,NA,NA,NA,NA,-81.857,24.4548
"4310","gbif4880",-77.691002,24.630671,NA,NA,NA,NA,NA,NA,-77.691002,24.630671
"4311","gbif4881",-78.680397,20.644234,NA,NA,NA,NA,NA,NA,-78.680397,20.644234
"4312","gbif4882",-82.371284,21.536434,NA,NA,NA,NA,NA,NA,-82.371284,21.536434
"4313","gbif4883",-77.858597,24.842171,NA,NA,NA,NA,NA,NA,-77.858597,24.842171
"4314","gbif4884",-87.82972,18.210833,NA,NA,NA,NA,NA,NA,-87.82972,18.210833
"4315","gbif4885",-77.38237,23.709669,NA,NA,NA,NA,NA,NA,-77.38237,23.709669
"4316","gbif4886",-77.698067,24.439501,NA,NA,NA,NA,NA,NA,-77.698067,24.439501
"4317","gbif4887",-82.449249,21.543533,NA,NA,NA,NA,NA,NA,-82.449249,21.543533
"4318","gbif4888",-77.65638,24.3069,NA,NA,NA,NA,NA,NA,-77.65638,24.3069
"4319","gbif4889",-77.770172,24.72917,-77.7820188029016,24.7192993682217,-77.7810705686238,24.7758429047796,5.28615131931617,6.2640192548897,-77.7810705686238,24.7758429047796
"4320","gbif489",-80.2107,25.2208,NA,NA,NA,NA,NA,NA,-80.2107,25.2208
"4321","gbif4890",-78.354134,18.31255,NA,NA,NA,NA,NA,NA,-78.354134,18.31255
"4322","gbif4891",-78.847954,20.811966,NA,NA,NA,NA,NA,NA,-78.847954,20.811966
"4323","gbif4892",-81.479446,21.969482,NA,NA,NA,NA,NA,NA,-81.479446,21.969482
"4324","gbif4893",-78.991066,20.833683,NA,NA,NA,NA,NA,NA,-78.991066,20.833683
"4325","gbif4894",-82.805,9.738334,NA,NA,NA,NA,NA,NA,-82.805,9.738334
"4326","gbif4895",-66.580452,11.778517,NA,NA,NA,NA,NA,NA,-66.580452,11.778517
"4327","gbif4896",-71.110466,21.43845,NA,NA,NA,NA,NA,NA,-71.110466,21.43845
"4328","gbif4897",-66.705765,11.766367,NA,NA,NA,NA,NA,NA,-66.705765,11.766367
"4329","gbif4898",-77.698997,24.483999,NA,NA,NA,NA,NA,NA,-77.698997,24.483999
"4330","gbif4899",-74.480003,24.17,NA,NA,NA,NA,NA,NA,-74.480003,24.17
"4331","gbif49",-91.399336,22.116553,NA,NA,NA,NA,NA,NA,-91.399336,22.116553
"4332","gbif490",-81.7176,24.4796,NA,NA,NA,NA,NA,NA,-81.7176,24.4796
"4333","gbif4900",-66.895233,11.792334,NA,NA,NA,NA,NA,NA,-66.895233,11.792334
"4334","gbif4901",-77.670677,24.343149,NA,NA,NA,NA,NA,NA,-77.670677,24.343149
"4335","gbif4902",-81.111313,24.625584,NA,NA,NA,NA,NA,NA,-81.111313,24.625584
"4336","gbif4903",-81.519333,22.09885,NA,NA,NA,NA,NA,NA,-81.519333,22.09885
"4337","gbif4904",-82.449249,21.543533,NA,NA,NA,NA,NA,NA,-82.449249,21.543533
"4338","gbif4905",-82.430786,21.544283,NA,NA,NA,NA,NA,NA,-82.430786,21.544283
"4339","gbif4906",-77.646202,24.29167,NA,NA,NA,NA,NA,NA,-77.646202,24.29167
"4340","gbif4907",-79.971634,21.677134,NA,NA,NA,NA,NA,NA,-79.971634,21.677134
"4341","gbif4908",-80.218903,25.208883,NA,NA,NA,NA,NA,NA,-80.218903,25.208883
"4342","gbif4909",-76.988503,26.397833,NA,NA,NA,NA,NA,NA,-76.988503,26.397833
"4343","gbif491",-80.3765,25.0088,NA,NA,NA,NA,NA,NA,-80.3765,25.0088
"4344","gbif4910",-80.126663,23.1,NA,NA,NA,NA,NA,NA,-80.126663,23.1
"4345","gbif4911",-80.0728,19.656866,NA,NA,NA,NA,NA,NA,-80.0728,19.656866
"4346","gbif4912",-81.247231,21.833334,NA,NA,NA,NA,NA,NA,-81.247231,21.833334
"4347","gbif4913",-79.558151,21.217699,NA,NA,NA,NA,NA,NA,-79.558151,21.217699
"4348","gbif4914",-79.091263,20.899683,NA,NA,NA,NA,NA,NA,-79.091263,20.899683
"4349","gbif4915",-71.113632,21.4589,NA,NA,NA,NA,NA,NA,-71.113632,21.4589
"4350","gbif4916",-80.218903,25.208883,NA,NA,NA,NA,NA,NA,-80.218903,25.208883
"4351","gbif4917",-82.696503,21.4835,NA,NA,NA,NA,NA,NA,-82.696503,21.4835
"4352","gbif4918",-88.038086,17.35215,NA,NA,NA,NA,NA,NA,-88.038086,17.35215
"4353","gbif4919",-81.876953,24.452066,NA,NA,NA,NA,NA,NA,-81.876953,24.452066
"4354","gbif492",-81.7176,24.4796,NA,NA,NA,NA,NA,NA,-81.7176,24.4796
"4355","gbif4920",-80.301498,25.11875,NA,NA,NA,NA,NA,NA,-80.301498,25.11875
"4356","gbif4921",-79.103485,20.901316,NA,NA,NA,NA,NA,NA,-79.103485,20.901316
"4357","gbif4922",-77.698997,24.483999,NA,NA,NA,NA,NA,NA,-77.698997,24.483999
"4358","gbif4923",-78.085571,25.313219,NA,NA,NA,NA,NA,NA,-78.085571,25.313219
"4359","gbif4924",-78.847954,20.811966,NA,NA,NA,NA,NA,NA,-78.847954,20.811966
"4360","gbif4925",-82.304085,21.560801,NA,NA,NA,NA,NA,NA,-82.304085,21.560801
"4361","gbif4926",-66.622665,11.954284,NA,NA,NA,NA,NA,NA,-66.622665,11.954284
"4362","gbif4927",-77.670677,24.343149,NA,NA,NA,NA,NA,NA,-77.670677,24.343149
"4363","gbif4928",-77.691002,24.630671,NA,NA,NA,NA,NA,NA,-77.691002,24.630671
"4364","gbif4929",-81.105301,19.292749,NA,NA,NA,NA,NA,NA,-81.105301,19.292749
"4365","gbif493",-81.8589,24.4545,NA,NA,NA,NA,NA,NA,-81.8589,24.4545
"4366","gbif4930",-81.247231,21.833334,NA,NA,NA,NA,NA,NA,-81.247231,21.833334
"4367","gbif4931",-77.8563,24.84425,NA,NA,NA,NA,NA,NA,-77.8563,24.84425
"4368","gbif4932",-81.515869,22.021616,NA,NA,NA,NA,NA,NA,-81.515869,22.021616
"4369","gbif4933",-81.876953,24.452066,NA,NA,NA,NA,NA,NA,-81.876953,24.452066
"4370","gbif4934",-78.349724,22.540277,-78.360665080428,22.5083364208966,-78.3145026856825,22.5083364208966,5.0636035630231,4.74965479207132,-78.3145026856825,22.5083364208966
"4371","gbif4935",-66.884186,11.800233,NA,NA,NA,NA,NA,NA,-66.884186,11.800233
"4372","gbif4936",-76.950386,26.532284,NA,NA,NA,NA,NA,NA,-76.950386,26.532284
"4373","gbif4937",-78.109665,20.584999,NA,NA,NA,NA,NA,NA,-78.109665,20.584999
"4374","gbif4938",-81.430435,21.912434,NA,NA,NA,NA,NA,NA,-81.430435,21.912434
"4375","gbif4939",-87.316513,18.510616,NA,NA,NA,NA,NA,NA,-87.316513,18.510616
"4376","gbif494",-81.8589,24.4545,NA,NA,NA,NA,NA,NA,-81.8589,24.4545
"4377","gbif4940",-77.983032,25.128851,NA,NA,NA,NA,NA,NA,-77.983032,25.128851
"4378","gbif4941",-77.983032,25.128851,NA,NA,NA,NA,NA,NA,-77.983032,25.128851
"4379","gbif4942",-79.019485,20.846001,NA,NA,NA,NA,NA,NA,-79.019485,20.846001
"4380","gbif4943",-79.019485,20.846001,NA,NA,NA,NA,NA,NA,-79.019485,20.846001
"4381","gbif4944",-77.65638,24.3069,NA,NA,NA,NA,NA,NA,-77.65638,24.3069
"4382","gbif4945",-78.002899,25.160101,NA,NA,NA,NA,NA,NA,-78.002899,25.160101
"4383","gbif4946",-81.876953,24.452066,NA,NA,NA,NA,NA,NA,-81.876953,24.452066
"4384","gbif4947",-79.019485,20.846001,NA,NA,NA,NA,NA,NA,-79.019485,20.846001
"4385","gbif4948",-78.002899,25.160101,NA,NA,NA,NA,NA,NA,-78.002899,25.160101
"4386","gbif4949",-66.580452,11.778517,NA,NA,NA,NA,NA,NA,-66.580452,11.778517
"4387","gbif495",-80.2105,25.2201,NA,NA,NA,NA,NA,NA,-80.2105,25.2201
"4388","gbif4950",-76.988464,26.397783,NA,NA,NA,NA,NA,NA,-76.988464,26.397783
"4389","gbif4951",-79.558151,21.217699,NA,NA,NA,NA,NA,NA,-79.558151,21.217699
"4390","gbif4952",-74.480003,24.16,NA,NA,NA,NA,NA,NA,-74.480003,24.16
"4391","gbif4953",-77.937828,25.063669,-77.9796848016266,25.0642250659524,-77.9144285978885,25.0426083734717,3.31929246221483,7.00663945943426,-77.9144285978885,25.0426083734717
"4392","gbif4954",-81.105301,19.292749,NA,NA,NA,NA,NA,NA,-81.105301,19.292749
"4393","gbif4955",-77.770172,24.72917,-77.7820188029016,24.7192993682217,-77.7810705686238,24.7758429047796,5.28615131931617,6.2640192548897,-77.7810705686238,24.7758429047796
"4394","gbif4956",-79.103485,20.901316,NA,NA,NA,NA,NA,NA,-79.103485,20.901316
"4395","gbif4957",-77.376999,23.696501,NA,NA,NA,NA,NA,NA,-77.376999,23.696501
"4396","gbif4958",-81.146202,19.291267,NA,NA,NA,NA,NA,NA,-81.146202,19.291267
"4397","gbif4959",-77.693176,24.6259,NA,NA,NA,NA,NA,NA,-77.693176,24.6259
"4398","gbif496",-80.3068,25.1075,NA,NA,NA,NA,NA,NA,-80.3068,25.1075
"4399","gbif4960",-77.983032,25.128851,NA,NA,NA,NA,NA,NA,-77.983032,25.128851
"4400","gbif4961",-79.584999,22.833611,NA,NA,NA,NA,NA,NA,-79.584999,22.833611
"4401","gbif4962",-77.770172,24.72917,-77.7820188029016,24.7192993682217,-77.7810705686238,24.7758429047796,5.28615131931617,6.2640192548897,-77.7810705686238,24.7758429047796
"4402","gbif4963",-66.723,11.881133,NA,NA,NA,NA,NA,NA,-66.723,11.881133
"4403","gbif4964",-77.693176,24.6259,NA,NA,NA,NA,NA,NA,-77.693176,24.6259
"4404","gbif4965",-76.8032,18.318466,-76.8078125425649,18.3136721753972,-76.7808853491387,18.3067802889959,2.69033842812956,2.94712658400154,-76.7808853491387,18.3067802889959
"4405","gbif4966",-77.465553,21.843334,-77.5131530864073,21.8414227491664,-77.4476754954621,21.8414227491664,1.86018058112082,6.76885112230064,-77.4476754954621,21.8414227491664
"4406","gbif4967",-77.770172,24.72917,-77.7820188029016,24.7192993682217,-77.7810705686238,24.7758429047796,5.28615131931617,6.2640192548897,-77.7810705686238,24.7758429047796
"4407","gbif4968",-78.002899,25.160101,NA,NA,NA,NA,NA,NA,-78.002899,25.160101
"4408","gbif4969",-71.110466,21.43845,NA,NA,NA,NA,NA,NA,-71.110466,21.43845
"4409","gbif497",-81.7158,24.4798,NA,NA,NA,NA,NA,NA,-81.7158,24.4798
"4410","gbif4970",-79.409164,21.07115,NA,NA,NA,NA,NA,NA,-79.409164,21.07115
"4411","gbif4971",-65.248367,18.3311,NA,NA,NA,NA,NA,NA,-65.248367,18.3311
"4412","gbif4972",-79.199135,20.968517,NA,NA,NA,NA,NA,NA,-79.199135,20.968517
"4413","gbif4973",-77.691002,24.630671,NA,NA,NA,NA,NA,NA,-77.691002,24.630671
"4414","gbif4974",-74.459999,24.16,NA,NA,NA,NA,NA,NA,-74.459999,24.16
"4415","gbif4975",-66.580452,11.778517,NA,NA,NA,NA,NA,NA,-66.580452,11.778517
"4416","gbif4976",-81.425797,21.902267,NA,NA,NA,NA,NA,NA,-81.425797,21.902267
"4417","gbif4977",-82.304085,21.560801,NA,NA,NA,NA,NA,NA,-82.304085,21.560801
"4418","gbif4978",-78.085571,25.313219,NA,NA,NA,NA,NA,NA,-78.085571,25.313219
"4419","gbif4979",-78.991066,20.833683,NA,NA,NA,NA,NA,NA,-78.991066,20.833683
"4420","gbif498",-80.375,25.0091,NA,NA,NA,NA,NA,NA,-80.375,25.0091
"4421","gbif4980",-77.698997,24.483999,NA,NA,NA,NA,NA,NA,-77.698997,24.483999
"4422","gbif4981",-77.8563,24.84425,NA,NA,NA,NA,NA,NA,-77.8563,24.84425
"4423","gbif4982",-81.425797,21.902267,NA,NA,NA,NA,NA,NA,-81.425797,21.902267
"4424","gbif4983",-77.646202,24.29167,NA,NA,NA,NA,NA,NA,-77.646202,24.29167
"4425","gbif4984",-87.935013,17.385883,NA,NA,NA,NA,NA,NA,-87.935013,17.385883
"4426","gbif4985",-77.954216,18.456583,-77.9685925354795,18.4778245691165,-77.9685925354795,18.4778245691165,2.79885007420087,0,-77.9685925354795,18.4778245691165
"4427","gbif4986",-77.376999,23.696501,NA,NA,NA,NA,NA,NA,-77.376999,23.696501
"4428","gbif4987",-71.110466,21.43845,NA,NA,NA,NA,NA,NA,-71.110466,21.43845
"4429","gbif4988",-78.002899,25.160101,NA,NA,NA,NA,NA,NA,-78.002899,25.160101
"4430","gbif4989",-78.991066,20.833683,NA,NA,NA,NA,NA,NA,-78.991066,20.833683
"4431","gbif499",-81.8589,24.4545,NA,NA,NA,NA,NA,NA,-81.8589,24.4545
"4432","gbif4990",-83.194504,21.617884,NA,NA,NA,NA,NA,NA,-83.194504,21.617884
"4433","gbif4991",-65.314964,18.338083,-65.3120948323764,18.3112263801408,-65.3120948323764,18.373471656169,3.92868076660646,6.88955059508306,-65.3120948323764,18.373471656169
"4434","gbif4992",-74.480003,24.17,NA,NA,NA,NA,NA,NA,-74.480003,24.17
"4435","gbif4993",-77.693176,24.6259,NA,NA,NA,NA,NA,NA,-77.693176,24.6259
"4436","gbif4994",-81.430435,21.912434,NA,NA,NA,NA,NA,NA,-81.430435,21.912434
"4437","gbif4995",-77.68235,24.367029,NA,NA,NA,NA,NA,NA,-77.68235,24.367029
"4438","gbif4996",-81.197563,21.804667,NA,NA,NA,NA,NA,NA,-81.197563,21.804667
"4439","gbif4997",-79.409164,21.07115,NA,NA,NA,NA,NA,NA,-79.409164,21.07115
"4440","gbif4998",-77.38237,23.709669,NA,NA,NA,NA,NA,NA,-77.38237,23.709669
"4441","gbif4999",-77.419022,23.778219,NA,NA,NA,NA,NA,NA,-77.419022,23.778219
"4442","gbif5",-68.205256,12.259793,NA,NA,NA,NA,NA,NA,-68.205256,12.259793
"4443","gbif50",-91.960194,20.195028,NA,NA,NA,NA,NA,NA,-91.960194,20.195028
"4444","gbif500",-80.3068,25.1075,NA,NA,NA,NA,NA,NA,-80.3068,25.1075
"4445","gbif5000",-66.723,11.881133,NA,NA,NA,NA,NA,NA,-66.723,11.881133
"4446","gbif5001",-77.693176,24.6259,NA,NA,NA,NA,NA,NA,-77.693176,24.6259
"4447","gbif5002",-79.430214,21.067783,NA,NA,NA,NA,NA,NA,-79.430214,21.067783
"4448","gbif5003",-77.693176,24.6259,NA,NA,NA,NA,NA,NA,-77.693176,24.6259
"4449","gbif5004",-79.409164,21.07115,NA,NA,NA,NA,NA,NA,-79.409164,21.07115
"4450","gbif5005",-74.480003,24.17,NA,NA,NA,NA,NA,NA,-74.480003,24.17
"4451","gbif5006",-74.480003,24.16,NA,NA,NA,NA,NA,NA,-74.480003,24.16
"4452","gbif5007",-81.285583,21.8479,-81.3087079617919,21.8414227491664,-81.2483793295055,21.8414227491664,3.91220459364308,6.23656925870371,-81.2483793295055,21.8414227491664
"4453","gbif5008",-65.248367,18.3311,NA,NA,NA,NA,NA,NA,-65.248367,18.3311
"4454","gbif5009",-77.646202,24.29167,NA,NA,NA,NA,NA,NA,-77.646202,24.29167
"4455","gbif501",-81.8775,24.452,NA,NA,NA,NA,NA,NA,-81.8775,24.452
"4456","gbif5010",-77.807671,24.751329,-77.8110915000961,24.7483862432583,-77.7810705686238,24.7758429047796,3.82252174320534,4.2976284442484,-77.7810705686238,24.7758429047796
"4457","gbif5011",-77.983032,25.128851,NA,NA,NA,NA,NA,NA,-77.983032,25.128851
"4458","gbif5012",-78.902435,20.772367,NA,NA,NA,NA,NA,NA,-78.902435,20.772367
"4459","gbif5013",-81.519333,22.09885,NA,NA,NA,NA,NA,NA,-81.519333,22.09885
"4460","gbif5014",-78.085571,25.313219,NA,NA,NA,NA,NA,NA,-78.085571,25.313219
"4461","gbif5015",-77.743431,24.69953,-77.7678185908596,24.6926048181617,-77.7143915539915,24.7091515376065,3.12580817886443,5.70867593259974,-77.7143915539915,24.7091515376065
"4462","gbif5016",-87.333969,18.753532,NA,NA,NA,NA,NA,NA,-87.333969,18.753532
"4463","gbif5017",-79.430214,21.067783,NA,NA,NA,NA,NA,NA,-79.430214,21.067783
"4464","gbif5018",-78.002899,25.160101,NA,NA,NA,NA,NA,NA,-78.002899,25.160101
"4465","gbif5019",-87.746132,17.59425,NA,NA,NA,NA,NA,NA,-87.746132,17.59425
"4466","gbif502",-80.2107,25.2208,NA,NA,NA,NA,NA,NA,-80.2107,25.2208
"4467","gbif5020",-87.333969,18.753532,NA,NA,NA,NA,NA,NA,-87.333969,18.753532
"4468","gbif5021",-83.047997,12.19013,NA,NA,NA,NA,NA,NA,-83.047997,12.19013
"4469","gbif5022",-79.019485,20.846001,NA,NA,NA,NA,NA,NA,-79.019485,20.846001
"4470","gbif5023",-77.646202,24.29167,NA,NA,NA,NA,NA,NA,-77.646202,24.29167
"4471","gbif5024",-79.290001,21.089817,-79.2924615669568,21.1078177102631,-79.2480088905353,21.1078177102631,4.79668981355737,4.61843747961783,-79.2480088905353,21.1078177102631
"4472","gbif5025",-77.693176,24.6259,NA,NA,NA,NA,NA,NA,-77.693176,24.6259
"4473","gbif5026",-78.034332,25.223921,NA,NA,NA,NA,NA,NA,-78.034332,25.223921
"4474","gbif5027",-88.038086,17.35215,NA,NA,NA,NA,NA,NA,-88.038086,17.35215
"4475","gbif5028",-77.983032,25.128851,NA,NA,NA,NA,NA,NA,-77.983032,25.128851
"4476","gbif5029",-77.691002,24.630671,NA,NA,NA,NA,NA,NA,-77.691002,24.630671
"4477","gbif503",-80.3765,25.0088,NA,NA,NA,NA,NA,NA,-80.3765,25.0088
"4478","gbif5030",-81.92717,21.595783,NA,NA,NA,NA,NA,NA,-81.92717,21.595783
"4479","gbif5031",-77.770172,24.72917,-77.7820188029016,24.7192993682217,-77.7810705686238,24.7758429047796,5.28615131931617,6.2640192548897,-77.7810705686238,24.7758429047796
"4480","gbif5032",-77.68235,24.367029,NA,NA,NA,NA,NA,NA,-77.68235,24.367029
"4481","gbif5033",-81.111313,24.625584,NA,NA,NA,NA,NA,NA,-81.111313,24.625584
"4482","gbif5034",-77.376999,23.696501,NA,NA,NA,NA,NA,NA,-77.376999,23.696501
"4483","gbif5035",-77.807716,24.774349,-77.8237235889751,24.7610184835926,-77.7810705686238,24.7758429047796,2.69981166057824,4.61582272947461,-77.7810705686238,24.7758429047796
"4484","gbif5036",-78.034332,25.223921,NA,NA,NA,NA,NA,NA,-78.034332,25.223921
"4485","gbif5037",-81.425797,21.902267,NA,NA,NA,NA,NA,NA,-81.425797,21.902267
"4486","gbif5038",-66.705765,11.766367,NA,NA,NA,NA,NA,NA,-66.705765,11.766367
"4487","gbif5039",-82.304085,21.560801,NA,NA,NA,NA,NA,NA,-82.304085,21.560801
"4488","gbif504",-80.2107,25.2208,NA,NA,NA,NA,NA,NA,-80.2107,25.2208
"4489","gbif5040",-79.467415,21.079517,NA,NA,NA,NA,NA,NA,-79.467415,21.079517
"4490","gbif5041",-77.646202,24.29167,NA,NA,NA,NA,NA,NA,-77.646202,24.29167
"4491","gbif5042",-76.8032,18.318466,-76.8078125425649,18.3136721753972,-76.7808853491387,18.3067802889959,2.69033842812956,2.94712658400154,-76.7808853491387,18.3067802889959
"4492","gbif5043",-77.858597,24.842171,NA,NA,NA,NA,NA,NA,-77.858597,24.842171
"4493","gbif5044",-87.935013,17.385883,NA,NA,NA,NA,NA,NA,-87.935013,17.385883
"4494","gbif5045",-87.316513,18.510616,NA,NA,NA,NA,NA,NA,-87.316513,18.510616
"4495","gbif5046",-81.285583,21.8479,-81.3087079617919,21.8414227491664,-81.2483793295055,21.8414227491664,3.91220459364308,6.23656925870371,-81.2483793295055,21.8414227491664
"4496","gbif5047",-81.681801,21.576967,NA,NA,NA,NA,NA,NA,-81.681801,21.576967
"4497","gbif5048",-77.698067,24.439501,NA,NA,NA,NA,NA,NA,-77.698067,24.439501
"4498","gbif5049",-65.248367,18.3311,NA,NA,NA,NA,NA,NA,-65.248367,18.3311
"4499","gbif505",-80.375,25.0091,NA,NA,NA,NA,NA,NA,-80.375,25.0091
"4500","gbif5050",-77.38237,23.709669,NA,NA,NA,NA,NA,NA,-77.38237,23.709669
"4501","gbif5051",-81.876953,24.452066,NA,NA,NA,NA,NA,NA,-81.876953,24.452066
"4502","gbif5052",-78.034332,25.223921,NA,NA,NA,NA,NA,NA,-78.034332,25.223921
"4503","gbif5053",-77.983032,25.128851,NA,NA,NA,NA,NA,NA,-77.983032,25.128851
"4504","gbif5054",-81.417519,21.891001,NA,NA,NA,NA,NA,NA,-81.417519,21.891001
"4505","gbif5055",-82.317146,21.562784,NA,NA,NA,NA,NA,NA,-82.317146,21.562784
"4506","gbif5056",-77.983032,25.128851,NA,NA,NA,NA,NA,NA,-77.983032,25.128851
"4507","gbif5057",-71.113632,21.4589,NA,NA,NA,NA,NA,NA,-71.113632,21.4589
"4508","gbif5058",-79.290001,21.089817,-79.2924615669568,21.1078177102631,-79.2480088905353,21.1078177102631,4.79668981355737,4.61843747961783,-79.2480088905353,21.1078177102631
"4509","gbif5059",-87.953697,17.355267,NA,NA,NA,NA,NA,NA,-87.953697,17.355267
"4510","gbif506",-81.8589,24.4545,NA,NA,NA,NA,NA,NA,-81.8589,24.4545
"4511","gbif5060",-81.519333,22.09885,NA,NA,NA,NA,NA,NA,-81.519333,22.09885
"4512","gbif5061",-78.002899,25.160101,NA,NA,NA,NA,NA,NA,-78.002899,25.160101
"4513","gbif5062",-77.743431,24.69953,-77.7678185908596,24.6926048181617,-77.7143915539915,24.7091515376065,3.12580817886443,5.70867593259974,-77.7143915539915,24.7091515376065
"4514","gbif5063",-77.38237,23.709669,NA,NA,NA,NA,NA,NA,-77.38237,23.709669
"4515","gbif5064",-78.280998,20.6061,NA,NA,NA,NA,NA,NA,-78.280998,20.6061
"4516","gbif5065",-77.670677,24.343149,NA,NA,NA,NA,NA,NA,-77.670677,24.343149
"4517","gbif5066",-77.68235,24.367029,NA,NA,NA,NA,NA,NA,-77.68235,24.367029
"4518","gbif5067",-78.847954,20.811966,NA,NA,NA,NA,NA,NA,-78.847954,20.811966
"4519","gbif5068",-77.698067,24.439501,NA,NA,NA,NA,NA,NA,-77.698067,24.439501
"4520","gbif5069",-77.419022,23.778219,NA,NA,NA,NA,NA,NA,-77.419022,23.778219
"4521","gbif507",-80.3765,25.0088,NA,NA,NA,NA,NA,NA,-80.3765,25.0088
"4522","gbif5070",-77.652779,22.176945,NA,NA,NA,NA,NA,NA,-77.652779,22.176945
"4523","gbif5071",-77.698067,24.439501,NA,NA,NA,NA,NA,NA,-77.698067,24.439501
"4524","gbif5072",-87.410469,18.408817,NA,NA,NA,NA,NA,NA,-87.410469,18.408817
"4525","gbif5073",-77.65638,24.3069,NA,NA,NA,NA,NA,NA,-77.65638,24.3069
"4526","gbif5074",-80.900276,23.288055,NA,NA,NA,NA,NA,NA,-80.900276,23.288055
"4527","gbif5075",-77.647881,24.3013,NA,NA,NA,NA,NA,NA,-77.647881,24.3013
"4528","gbif5076",-79.971634,21.677134,NA,NA,NA,NA,NA,NA,-79.971634,21.677134
"4529","gbif5077",-77.698067,24.439501,NA,NA,NA,NA,NA,NA,-77.698067,24.439501
"4530","gbif5078",-83.194504,21.617884,NA,NA,NA,NA,NA,NA,-83.194504,21.617884
"4531","gbif5079",-77.629173,24.253151,NA,NA,NA,NA,NA,NA,-77.629173,24.253151
"4532","gbif508",-80.3068,25.1075,NA,NA,NA,NA,NA,NA,-80.3068,25.1075
"4533","gbif5080",-71.599998,21.299999,NA,NA,NA,NA,NA,NA,-71.599998,21.299999
"4534","gbif5081",-82.449249,21.543533,NA,NA,NA,NA,NA,NA,-82.449249,21.543533
"4535","gbif5082",-79.199135,20.968517,NA,NA,NA,NA,NA,NA,-79.199135,20.968517
"4536","gbif5083",-79.928131,21.656967,NA,NA,NA,NA,NA,NA,-79.928131,21.656967
"4537","gbif5084",-65.314964,18.338083,-65.3120948323764,18.3112263801408,-65.3120948323764,18.373471656169,3.92868076660646,6.88955059508306,-65.3120948323764,18.373471656169
"4538","gbif5085",-83.047997,12.19013,NA,NA,NA,NA,NA,NA,-83.047997,12.19013
"4539","gbif5086",-88.049515,16.9198,NA,NA,NA,NA,NA,NA,-88.049515,16.9198
"4540","gbif5087",-82.03257,9.247033,NA,NA,NA,NA,NA,NA,-82.03257,9.247033
"4541","gbif5088",-87.959999,17.889999,NA,NA,NA,NA,NA,NA,-87.959999,17.889999
"4542","gbif5089",-77.861,24.844999,NA,NA,NA,NA,NA,NA,-77.861,24.844999
"4543","gbif509",-80.3765,25.0088,NA,NA,NA,NA,NA,NA,-80.3765,25.0088
"4544","gbif5090",-61.349133,12.633467,NA,NA,NA,NA,NA,NA,-61.349133,12.633467
"4545","gbif5091",-79.928131,21.656967,NA,NA,NA,NA,NA,NA,-79.928131,21.656967
"4546","gbif5092",-79.019485,20.846001,NA,NA,NA,NA,NA,NA,-79.019485,20.846001
"4547","gbif5093",-78.085571,25.313219,NA,NA,NA,NA,NA,NA,-78.085571,25.313219
"4548","gbif5094",-81.07473,19.317633,NA,NA,NA,NA,NA,NA,-81.07473,19.317633
"4549","gbif5095",-77.770172,24.72917,-77.7820188029016,24.7192993682217,-77.7810705686238,24.7758429047796,5.28615131931617,6.2640192548897,-77.7810705686238,24.7758429047796
"4550","gbif5096",-78.847954,20.811966,NA,NA,NA,NA,NA,NA,-78.847954,20.811966
"4551","gbif5097",-77.693176,24.6259,NA,NA,NA,NA,NA,NA,-77.693176,24.6259
"4552","gbif5098",-77.807671,24.751329,-77.8110915000961,24.7483862432583,-77.7810705686238,24.7758429047796,3.82252174320534,4.2976284442484,-77.7810705686238,24.7758429047796
"4553","gbif5099",-77.8563,24.84425,NA,NA,NA,NA,NA,NA,-77.8563,24.84425
"4554","gbif51",-89.671694,22.3765,NA,NA,NA,NA,NA,NA,-89.671694,22.3765
"4555","gbif510",-81.7158,24.4798,NA,NA,NA,NA,NA,NA,-81.7158,24.4798
"4556","gbif5100",-79.019485,20.846001,NA,NA,NA,NA,NA,NA,-79.019485,20.846001
"4557","gbif5101",-77.65638,24.3069,NA,NA,NA,NA,NA,NA,-77.65638,24.3069
"4558","gbif5102",-87.410469,18.408817,NA,NA,NA,NA,NA,NA,-87.410469,18.408817
"4559","gbif5103",-78.354134,18.31255,NA,NA,NA,NA,NA,NA,-78.354134,18.31255
"4560","gbif5104",-81.92717,21.595783,NA,NA,NA,NA,NA,NA,-81.92717,21.595783
"4561","gbif5105",-77.652779,22.176945,NA,NA,NA,NA,NA,NA,-77.652779,22.176945
"4562","gbif5106",-77.376999,23.696501,NA,NA,NA,NA,NA,NA,-77.376999,23.696501
"4563","gbif5107",-77.419022,23.778219,NA,NA,NA,NA,NA,NA,-77.419022,23.778219
"4564","gbif5108",-87.447777,19.825001,NA,NA,NA,NA,NA,NA,-87.447777,19.825001
"4565","gbif5109",-80.218903,25.208883,NA,NA,NA,NA,NA,NA,-80.218903,25.208883
"4566","gbif511",-81.8589,24.4545,NA,NA,NA,NA,NA,NA,-81.8589,24.4545
"4567","gbif5110",-87.699867,16.914351,NA,NA,NA,NA,NA,NA,-87.699867,16.914351
"4568","gbif5111",-81.180984,21.784901,NA,NA,NA,NA,NA,NA,-81.180984,21.784901
"4569","gbif5112",-78.085571,25.313219,NA,NA,NA,NA,NA,NA,-78.085571,25.313219
"4570","gbif5113",-77.38237,23.709669,NA,NA,NA,NA,NA,NA,-77.38237,23.709669
"4571","gbif5114",-79.467415,21.079517,NA,NA,NA,NA,NA,NA,-79.467415,21.079517
"4572","gbif5115",-81.519333,22.09885,NA,NA,NA,NA,NA,NA,-81.519333,22.09885
"4573","gbif5116",-77.537033,24.097931,-77.5637787323847,24.0913518378895,-77.5143545100944,24.1089292330493,2.60773285796534,5.38905128935586,-77.5143545100944,24.1089292330493
"4574","gbif5117",-77.68235,24.367029,NA,NA,NA,NA,NA,NA,-77.68235,24.367029
"4575","gbif5118",-77.691002,24.630671,NA,NA,NA,NA,NA,NA,-77.691002,24.630671
"4576","gbif5119",-87.746132,17.59425,NA,NA,NA,NA,NA,NA,-87.746132,17.59425
"4577","gbif512",-80.375,25.0091,NA,NA,NA,NA,NA,NA,-80.375,25.0091
"4578","gbif5120",-81.111313,24.625584,NA,NA,NA,NA,NA,NA,-81.111313,24.625584
"4579","gbif5121",-78.311119,18.377451,NA,NA,NA,NA,NA,NA,-78.311119,18.377451
"4580","gbif5122",-80.301498,25.11875,NA,NA,NA,NA,NA,NA,-80.301498,25.11875
"4581","gbif5123",-77.38237,23.709669,NA,NA,NA,NA,NA,NA,-77.38237,23.709669
"4582","gbif5124",-87.333969,18.753532,NA,NA,NA,NA,NA,NA,-87.333969,18.753532
"4583","gbif5125",-81.515869,22.021616,NA,NA,NA,NA,NA,NA,-81.515869,22.021616
"4584","gbif5126",-78.034332,25.223921,NA,NA,NA,NA,NA,NA,-78.034332,25.223921
"4585","gbif5127",-81.180984,21.784901,NA,NA,NA,NA,NA,NA,-81.180984,21.784901
"4586","gbif5128",-77.983032,25.128851,NA,NA,NA,NA,NA,NA,-77.983032,25.128851
"4587","gbif5129",-77.376999,23.696501,NA,NA,NA,NA,NA,NA,-77.376999,23.696501
"4588","gbif513",-81.7158,24.4798,NA,NA,NA,NA,NA,NA,-81.7158,24.4798
"4589","gbif5130",-77.770172,24.72917,-77.7820188029016,24.7192993682217,-77.7810705686238,24.7758429047796,5.28615131931617,6.2640192548897,-77.7810705686238,24.7758429047796
"4590","gbif5131",-81.425797,21.902267,NA,NA,NA,NA,NA,NA,-81.425797,21.902267
"4591","gbif5132",-77.691002,24.630671,NA,NA,NA,NA,NA,NA,-77.691002,24.630671
"4592","gbif5133",-65.248367,18.3311,NA,NA,NA,NA,NA,NA,-65.248367,18.3311
"4593","gbif5134",-80.301498,25.11875,NA,NA,NA,NA,NA,NA,-80.301498,25.11875
"4594","gbif5135",-78.280998,20.6061,NA,NA,NA,NA,NA,NA,-78.280998,20.6061
"4595","gbif5136",-87.699867,16.914351,NA,NA,NA,NA,NA,NA,-87.699867,16.914351
"4596","gbif5137",-81.681801,21.576967,NA,NA,NA,NA,NA,NA,-81.681801,21.576967
"4597","gbif5138",-82.782753,21.451134,NA,NA,NA,NA,NA,NA,-82.782753,21.451134
"4598","gbif5139",-77.861,24.844999,NA,NA,NA,NA,NA,NA,-77.861,24.844999
"4599","gbif514",-80.2107,25.2208,NA,NA,NA,NA,NA,NA,-80.2107,25.2208
"4600","gbif5140",-78.034332,25.223921,NA,NA,NA,NA,NA,NA,-78.034332,25.223921
"4601","gbif5141",-80.415115,24.98605,NA,NA,NA,NA,NA,NA,-80.415115,24.98605
"4602","gbif5142",-82.702919,21.481417,NA,NA,NA,NA,NA,NA,-82.702919,21.481417
"4603","gbif5143",-66.580452,11.778517,NA,NA,NA,NA,NA,NA,-66.580452,11.778517
"4604","gbif5144",-66.689034,11.882234,NA,NA,NA,NA,NA,NA,-66.689034,11.882234
"4605","gbif5145",-81.197563,21.804667,NA,NA,NA,NA,NA,NA,-81.197563,21.804667
"4606","gbif5146",-77.807671,24.751329,-77.8110915000961,24.7483862432583,-77.7810705686238,24.7758429047796,3.82252174320534,4.2976284442484,-77.7810705686238,24.7758429047796
"4607","gbif5147",-79.944298,21.666683,NA,NA,NA,NA,NA,NA,-79.944298,21.666683
"4608","gbif5148",-79.869781,19.682217,NA,NA,NA,NA,NA,NA,-79.869781,19.682217
"4609","gbif5149",-77.693176,24.6259,NA,NA,NA,NA,NA,NA,-77.693176,24.6259
"4610","gbif515",-81.8775,24.452,NA,NA,NA,NA,NA,NA,-81.8775,24.452
"4611","gbif5150",-81.425797,21.902267,NA,NA,NA,NA,NA,NA,-81.425797,21.902267
"4612","gbif5151",-77.698997,24.483999,NA,NA,NA,NA,NA,NA,-77.698997,24.483999
"4613","gbif5152",-83.034698,12.18857,NA,NA,NA,NA,NA,NA,-83.034698,12.18857
"4614","gbif5153",-79.091263,20.899683,NA,NA,NA,NA,NA,NA,-79.091263,20.899683
"4615","gbif5154",-79.467415,21.079517,NA,NA,NA,NA,NA,NA,-79.467415,21.079517
"4616","gbif5155",-77.8563,24.84425,NA,NA,NA,NA,NA,NA,-77.8563,24.84425
"4617","gbif5156",-87.333969,18.753532,NA,NA,NA,NA,NA,NA,-87.333969,18.753532
"4618","gbif5157",-80.0728,19.656866,NA,NA,NA,NA,NA,NA,-80.0728,19.656866
"4619","gbif5158",-81.519333,22.09885,NA,NA,NA,NA,NA,NA,-81.519333,22.09885
"4620","gbif5159",-66.580452,11.778517,NA,NA,NA,NA,NA,NA,-66.580452,11.778517
"4621","gbif516",-80.3745,25.0097,NA,NA,NA,NA,NA,NA,-80.3745,25.0097
"4622","gbif5160",-76.959,26.577499,NA,NA,NA,NA,NA,NA,-76.959,26.577499
"4623","gbif5161",-77.983032,25.128851,NA,NA,NA,NA,NA,NA,-77.983032,25.128851
"4624","gbif5162",-87.744049,17.59375,NA,NA,NA,NA,NA,NA,-87.744049,17.59375
"4625","gbif5163",-77.693176,24.6259,NA,NA,NA,NA,NA,NA,-77.693176,24.6259
"4626","gbif5164",-78.085571,25.313219,NA,NA,NA,NA,NA,NA,-78.085571,25.313219
"4627","gbif5165",-81.957298,21.586367,NA,NA,NA,NA,NA,NA,-81.957298,21.586367
"4628","gbif5166",-79.103485,20.901316,NA,NA,NA,NA,NA,NA,-79.103485,20.901316
"4629","gbif5167",-77.38237,23.709669,NA,NA,NA,NA,NA,NA,-77.38237,23.709669
"4630","gbif5168",-77.8563,24.84425,NA,NA,NA,NA,NA,NA,-77.8563,24.84425
"4631","gbif5169",-87.287849,18.566816,NA,NA,NA,NA,NA,NA,-87.287849,18.566816
"4632","gbif517",-81.7176,24.4796,NA,NA,NA,NA,NA,NA,-81.7176,24.4796
"4633","gbif5170",-77.861,24.844999,NA,NA,NA,NA,NA,NA,-77.861,24.844999
"4634","gbif5171",-87.410469,18.408817,NA,NA,NA,NA,NA,NA,-87.410469,18.408817
"4635","gbif5172",-79.019485,20.846001,NA,NA,NA,NA,NA,NA,-79.019485,20.846001
"4636","gbif5173",-81.519333,22.09885,NA,NA,NA,NA,NA,NA,-81.519333,22.09885
"4637","gbif5174",-77.629173,24.253151,NA,NA,NA,NA,NA,NA,-77.629173,24.253151
"4638","gbif5175",-77.629173,24.253151,NA,NA,NA,NA,NA,NA,-77.629173,24.253151
"4639","gbif5176",-80.218903,25.208883,NA,NA,NA,NA,NA,NA,-80.218903,25.208883
"4640","gbif5177",-78.280998,20.6061,NA,NA,NA,NA,NA,NA,-78.280998,20.6061
"4641","gbif5178",-77.807716,24.774349,-77.8237235889751,24.7610184835926,-77.7810705686238,24.7758429047796,2.69981166057824,4.61582272947461,-77.7810705686238,24.7758429047796
"4642","gbif5179",-81.077934,19.343901,NA,NA,NA,NA,NA,NA,-81.077934,19.343901
"4643","gbif518",-81.8775,24.452,NA,NA,NA,NA,NA,NA,-81.8775,24.452
"4644","gbif5180",-82.324165,9.423317,NA,NA,NA,NA,NA,NA,-82.324165,9.423317
"4645","gbif5181",-78.882233,9.551833,NA,NA,NA,NA,NA,NA,-78.882233,9.551833
"4646","gbif5182",-77.879517,18.52405,-77.8795912791924,18.5241443871854,-77.8477495832561,18.573545757688,6.42350913257688,6.41870400864183,-77.8477495832561,18.573545757688
"4647","gbif5183",-81.92717,21.595783,NA,NA,NA,NA,NA,NA,-81.92717,21.595783
"4648","gbif5184",-77.983032,25.128851,NA,NA,NA,NA,NA,NA,-77.983032,25.128851
"4649","gbif5185",-65.264786,18.338383,-65.2898684941656,18.3067802889959,-65.245415817744,18.3067802889959,4.05315173588614,4.69955400013281,-65.245415817744,18.3067802889959
"4650","gbif5186",-79.091263,20.899683,NA,NA,NA,NA,NA,NA,-79.091263,20.899683
"4651","gbif5187",-64.231499,18.666082,NA,NA,NA,NA,NA,NA,-64.231499,18.666082
"4652","gbif5188",-81.180984,21.784901,NA,NA,NA,NA,NA,NA,-81.180984,21.784901
"4653","gbif5189",-81.425797,21.902267,NA,NA,NA,NA,NA,NA,-81.425797,21.902267
"4654","gbif519",-81.1104,24.6255,NA,NA,NA,NA,NA,NA,-81.1104,24.6255
"4655","gbif5190",-78.311119,18.377451,NA,NA,NA,NA,NA,NA,-78.311119,18.377451
"4656","gbif5191",-77.860977,24.844931,NA,NA,NA,NA,NA,NA,-77.860977,24.844931
"4657","gbif5192",-81.105301,19.292749,NA,NA,NA,NA,NA,NA,-81.105301,19.292749
"4658","gbif5193",-77.807671,24.751329,-77.8110915000961,24.7483862432583,-77.7810705686238,24.7758429047796,3.82252174320534,4.2976284442484,-77.7810705686238,24.7758429047796
"4659","gbif5194",-81.820747,9.106234,-81.8172577162513,9.11048841249628,-81.7818114465642,9.10337161911821,4.29172752751239,3.97515475100498,-81.7818114465642,9.10337161911821
"4660","gbif5195",-78.12722,22.4825,NA,NA,NA,NA,NA,NA,-78.12722,22.4825
"4661","gbif5196",-77.693176,24.6259,NA,NA,NA,NA,NA,NA,-77.693176,24.6259
"4662","gbif5197",-79.019485,20.846001,NA,NA,NA,NA,NA,NA,-79.019485,20.846001
"4663","gbif5198",-77.983032,25.128851,NA,NA,NA,NA,NA,NA,-77.983032,25.128851
"4664","gbif5199",-77.693176,24.6259,NA,NA,NA,NA,NA,NA,-77.693176,24.6259
"4665","gbif52",-91.403739,22.118678,NA,NA,NA,NA,NA,NA,-91.403739,22.118678
"4666","gbif520",-80.3744,25.0088,NA,NA,NA,NA,NA,NA,-80.3744,25.0088
"4667","gbif5200",-81.515869,22.021616,NA,NA,NA,NA,NA,NA,-81.515869,22.021616
"4668","gbif5201",-77.670677,24.343149,NA,NA,NA,NA,NA,NA,-77.670677,24.343149
"4669","gbif5202",-81.519333,22.09885,NA,NA,NA,NA,NA,NA,-81.519333,22.09885
"4670","gbif5203",-77.670677,24.343149,NA,NA,NA,NA,NA,NA,-77.670677,24.343149
"4671","gbif5204",-77.770172,24.72917,-77.7820188029016,24.7192993682217,-77.7810705686238,24.7758429047796,5.28615131931617,6.2640192548897,-77.7810705686238,24.7758429047796
"4672","gbif5205",-80.301498,25.11875,NA,NA,NA,NA,NA,NA,-80.301498,25.11875
"4673","gbif5206",-79.207664,20.966749,NA,NA,NA,NA,NA,NA,-79.207664,20.966749
"4674","gbif5207",-87.953697,17.355267,NA,NA,NA,NA,NA,NA,-87.953697,17.355267
"4675","gbif5208",-79.467415,21.079517,NA,NA,NA,NA,NA,NA,-79.467415,21.079517
"4676","gbif5209",-77.691002,24.630671,NA,NA,NA,NA,NA,NA,-77.691002,24.630671
"4677","gbif521",-81.8589,24.4545,NA,NA,NA,NA,NA,NA,-81.8589,24.4545
"4678","gbif5210",-78.085571,25.313219,NA,NA,NA,NA,NA,NA,-78.085571,25.313219
"4679","gbif5211",-76.988503,26.397833,NA,NA,NA,NA,NA,NA,-76.988503,26.397833
"4680","gbif5212",-81.681801,21.576967,NA,NA,NA,NA,NA,NA,-81.681801,21.576967
"4681","gbif5213",-78.002899,25.160101,NA,NA,NA,NA,NA,NA,-78.002899,25.160101
"4682","gbif5214",-78.002899,25.160101,NA,NA,NA,NA,NA,NA,-78.002899,25.160101
"4683","gbif5215",-78.885536,9.5436,NA,NA,NA,NA,NA,NA,-78.885536,9.5436
"4684","gbif5216",-77.376999,23.696501,NA,NA,NA,NA,NA,NA,-77.376999,23.696501
"4685","gbif5217",-76.950386,26.532284,NA,NA,NA,NA,NA,NA,-76.950386,26.532284
"4686","gbif5218",-79.928131,21.656967,NA,NA,NA,NA,NA,NA,-79.928131,21.656967
"4687","gbif5219",-77.376999,23.696501,NA,NA,NA,NA,NA,NA,-77.376999,23.696501
"4688","gbif522",-81.8589,24.4545,NA,NA,NA,NA,NA,NA,-81.8589,24.4545
"4689","gbif5220",-71.110466,21.43845,NA,NA,NA,NA,NA,NA,-71.110466,21.43845
"4690","gbif5221",-78.085571,25.313219,NA,NA,NA,NA,NA,NA,-78.085571,25.313219
"4691","gbif5222",-77.426369,23.79092,NA,NA,NA,NA,NA,NA,-77.426369,23.79092
"4692","gbif5223",-79.430214,21.067783,NA,NA,NA,NA,NA,NA,-79.430214,21.067783
"4693","gbif5224",-66.895233,11.792334,NA,NA,NA,NA,NA,NA,-66.895233,11.792334
"4694","gbif5225",-79.430214,21.067783,NA,NA,NA,NA,NA,NA,-79.430214,21.067783
"4695","gbif5226",-77.537033,24.097931,-77.5637787323847,24.0913518378895,-77.5143545100944,24.1089292330493,2.60773285796534,5.38905128935586,-77.5143545100944,24.1089292330493
"4696","gbif5227",-79.207664,20.966749,NA,NA,NA,NA,NA,NA,-79.207664,20.966749
"4697","gbif5228",-61.349133,12.633467,NA,NA,NA,NA,NA,NA,-61.349133,12.633467
"4698","gbif5229",-66.622665,11.954284,NA,NA,NA,NA,NA,NA,-66.622665,11.954284
"4699","gbif523",-81.857,24.4548,NA,NA,NA,NA,NA,NA,-81.857,24.4548
"4700","gbif5230",-77.770172,24.72917,-77.7820188029016,24.7192993682217,-77.7810705686238,24.7758429047796,5.28615131931617,6.2640192548897,-77.7810705686238,24.7758429047796
"4701","gbif5231",-77.68235,24.367029,NA,NA,NA,NA,NA,NA,-77.68235,24.367029
"4702","gbif5232",-87.316513,18.510616,NA,NA,NA,NA,NA,NA,-87.316513,18.510616
"4703","gbif5233",-77.693176,24.6259,NA,NA,NA,NA,NA,NA,-77.693176,24.6259
"4704","gbif5234",-77.698067,24.439501,NA,NA,NA,NA,NA,NA,-77.698067,24.439501
"4705","gbif5235",-63.228001,17.649666,-63.2414616532317,17.6398666172657,-63.1783663641415,17.6398666172657,5.37748218152161,6.69554053517968,-63.1783663641415,17.6398666172657
"4706","gbif5236",-81.247231,21.833334,NA,NA,NA,NA,NA,NA,-81.247231,21.833334
"4707","gbif5237",-81.247231,21.833334,NA,NA,NA,NA,NA,NA,-81.247231,21.833334
"4708","gbif5238",-79.287949,21.084616,-79.2924615669568,21.1078177102631,-79.2480088905353,21.1078177102631,4.88064440697303,4.61843747961783,-79.2480088905353,21.1078177102631
"4709","gbif5239",-79.199135,20.968517,NA,NA,NA,NA,NA,NA,-79.199135,20.968517
"4710","gbif524",-81.8775,24.452,NA,NA,NA,NA,NA,NA,-81.8775,24.452
"4711","gbif5240",-77.983032,25.128851,NA,NA,NA,NA,NA,NA,-77.983032,25.128851
"4712","gbif5241",-79.944298,21.666683,NA,NA,NA,NA,NA,NA,-79.944298,21.666683
"4713","gbif5242",-80.588608,23.236666,NA,NA,NA,NA,NA,NA,-80.588608,23.236666
"4714","gbif5243",-77.629173,24.253151,NA,NA,NA,NA,NA,NA,-77.629173,24.253151
"4715","gbif5244",-77.743431,24.69953,-77.7678185908596,24.6926048181617,-77.7143915539915,24.7091515376065,3.12580817886443,5.70867593259974,-77.7143915539915,24.7091515376065
"4716","gbif5245",-82.324165,9.423317,NA,NA,NA,NA,NA,NA,-82.324165,9.423317
"4717","gbif5246",-77.426369,23.79092,NA,NA,NA,NA,NA,NA,-77.426369,23.79092
"4718","gbif5247",-77.68235,24.367029,NA,NA,NA,NA,NA,NA,-77.68235,24.367029
"4719","gbif5248",-81.681801,21.576967,NA,NA,NA,NA,NA,NA,-81.681801,21.576967
"4720","gbif5249",-77.465553,21.843334,-77.5131530864073,21.8414227491664,-77.4476754954621,21.8414227491664,1.86018058112082,6.76885112230064,-77.4476754954621,21.8414227491664
"4721","gbif525",-80.2105,25.2201,NA,NA,NA,NA,NA,NA,-80.2105,25.2201
"4722","gbif5250",-88.038086,17.35215,NA,NA,NA,NA,NA,NA,-88.038086,17.35215
"4723","gbif5251",-80.415115,24.98605,NA,NA,NA,NA,NA,NA,-80.415115,24.98605
"4724","gbif5252",-77.937828,25.063669,-77.9796848016266,25.0642250659524,-77.9144285978885,25.0426083734717,3.31929246221483,7.00663945943426,-77.9144285978885,25.0426083734717
"4725","gbif5253",-77.68235,24.367029,NA,NA,NA,NA,NA,NA,-77.68235,24.367029
"4726","gbif5254",-81.285583,21.8479,-81.3087079617919,21.8414227491664,-81.2483793295055,21.8414227491664,3.91220459364308,6.23656925870371,-81.2483793295055,21.8414227491664
"4727","gbif5255",-66.580452,11.778517,NA,NA,NA,NA,NA,NA,-66.580452,11.778517
"4728","gbif5256",-81.430435,21.912434,NA,NA,NA,NA,NA,NA,-81.430435,21.912434
"4729","gbif5257",-77.693176,24.6259,NA,NA,NA,NA,NA,NA,-77.693176,24.6259
"4730","gbif5258",-87.299103,20.40765,-87.3143386782219,20.4114746515275,-87.3161696610483,20.3742126713598,4.10818179379925,4.12966084854752,-87.3161696610483,20.3742126713598
"4731","gbif5259",-78.002899,25.160101,NA,NA,NA,NA,NA,NA,-78.002899,25.160101
"4732","gbif526",-81.8775,24.452,NA,NA,NA,NA,NA,NA,-81.8775,24.452
"4733","gbif5260",-77.646202,24.29167,NA,NA,NA,NA,NA,NA,-77.646202,24.29167
"4734","gbif5261",-77.032013,18.424801,NA,NA,NA,NA,NA,NA,-77.032013,18.424801
"4735","gbif5262",-81.479446,21.969482,NA,NA,NA,NA,NA,NA,-81.479446,21.969482
"4736","gbif5263",-80.474167,23.210278,NA,NA,NA,NA,NA,NA,-80.474167,23.210278
"4737","gbif5264",-78.991066,20.833683,NA,NA,NA,NA,NA,NA,-78.991066,20.833683
"4738","gbif5265",-78.991066,20.833683,NA,NA,NA,NA,NA,NA,-78.991066,20.833683
"4739","gbif5266",-77.38237,23.709669,NA,NA,NA,NA,NA,NA,-77.38237,23.709669
"4740","gbif5267",-77.419022,23.778219,NA,NA,NA,NA,NA,NA,-77.419022,23.778219
"4741","gbif5268",-77.376999,23.696501,NA,NA,NA,NA,NA,NA,-77.376999,23.696501
"4742","gbif5269",-77.983032,25.128851,NA,NA,NA,NA,NA,NA,-77.983032,25.128851
"4743","gbif527",-81.7176,24.4796,NA,NA,NA,NA,NA,NA,-81.7176,24.4796
"4744","gbif5270",-77.857048,18.5261,-77.860266024205,18.532645354369,-77.8477495832561,18.573545757688,5.34255400600605,4.71600771641226,-77.8477495832561,18.573545757688
"4745","gbif5271",-66.705765,11.766367,NA,NA,NA,NA,NA,NA,-66.705765,11.766367
"4746","gbif5272",-66.580452,11.778517,NA,NA,NA,NA,NA,NA,-66.580452,11.778517
"4747","gbif5273",-81.425797,21.902267,NA,NA,NA,NA,NA,NA,-81.425797,21.902267
"4748","gbif5274",-81.519333,22.09885,NA,NA,NA,NA,NA,NA,-81.519333,22.09885
"4749","gbif5275",-77.68235,24.367029,NA,NA,NA,NA,NA,NA,-77.68235,24.367029
"4750","gbif5276",-64.762947,18.315767,-64.7600373315493,18.2966565514232,-64.7786627153176,18.2400889218229,8.53952681427118,6.56353252564711,-64.7786627153176,18.2400889218229
"4751","gbif5277",-81.820747,9.106234,-81.8172577162513,9.11048841249628,-81.7818114465642,9.10337161911821,4.29172752751239,3.97515475100498,-81.7818114465642,9.10337161911821
"4752","gbif5278",-77.65638,24.3069,NA,NA,NA,NA,NA,NA,-77.65638,24.3069
"4753","gbif5279",-82.119965,9.26785,-82.1043715701966,9.27078571482599,-82.0485275050935,9.30344572063728,8.78087784501504,7.11993219693636,-82.0485275050935,9.30344572063728
"4754","gbif528",-80.3068,25.1075,NA,NA,NA,NA,NA,NA,-80.3068,25.1075
"4755","gbif5280",-77.537033,24.097931,-77.5637787323847,24.0913518378895,-77.5143545100944,24.1089292330493,2.60773285796534,5.38905128935586,-77.5143545100944,24.1089292330493
"4756","gbif5281",-77.698067,24.439501,NA,NA,NA,NA,NA,NA,-77.698067,24.439501
"4757","gbif5282",-66.723,11.881133,NA,NA,NA,NA,NA,NA,-66.723,11.881133
"4758","gbif5283",-79.467415,21.079517,NA,NA,NA,NA,NA,NA,-79.467415,21.079517
"4759","gbif5284",-70.818466,21.022816,NA,NA,NA,NA,NA,NA,-70.818466,21.022816
"4760","gbif5285",-77.698067,24.439501,NA,NA,NA,NA,NA,NA,-77.698067,24.439501
"4761","gbif5286",-82.03257,9.247033,NA,NA,NA,NA,NA,NA,-82.03257,9.247033
"4762","gbif5287",-81.46685,21.960484,NA,NA,NA,NA,NA,NA,-81.46685,21.960484
"4763","gbif5288",-81.635834,21.580917,NA,NA,NA,NA,NA,NA,-81.635834,21.580917
"4764","gbif5289",-82.317146,21.562784,NA,NA,NA,NA,NA,NA,-82.317146,21.562784
"4765","gbif529",-81.8589,24.4545,NA,NA,NA,NA,NA,NA,-81.8589,24.4545
"4766","gbif5290",-78.085571,25.313219,NA,NA,NA,NA,NA,NA,-78.085571,25.313219
"4767","gbif5291",-77.426369,23.79092,NA,NA,NA,NA,NA,NA,-77.426369,23.79092
"4768","gbif5292",-79.091263,20.899683,NA,NA,NA,NA,NA,NA,-79.091263,20.899683
"4769","gbif5293",-77.65638,24.3069,NA,NA,NA,NA,NA,NA,-77.65638,24.3069
"4770","gbif5294",-71.110466,21.43845,NA,NA,NA,NA,NA,NA,-71.110466,21.43845
"4771","gbif5295",-77.670677,24.343149,NA,NA,NA,NA,NA,NA,-77.670677,24.343149
"4772","gbif5296",-81.519333,22.09885,NA,NA,NA,NA,NA,NA,-81.519333,22.09885
"4773","gbif5297",-82.702919,21.481417,NA,NA,NA,NA,NA,NA,-82.702919,21.481417
"4774","gbif5298",-77.770172,24.72917,-77.7820188029016,24.7192993682217,-77.7810705686238,24.7758429047796,5.28615131931617,6.2640192548897,-77.7810705686238,24.7758429047796
"4775","gbif5299",-77.68235,24.367029,NA,NA,NA,NA,NA,NA,-77.68235,24.367029
"4776","gbif53",-91.960194,20.195028,NA,NA,NA,NA,NA,NA,-91.960194,20.195028
"4777","gbif530",-80.375,25.0091,NA,NA,NA,NA,NA,NA,-80.375,25.0091
"4778","gbif5300",-76.98317,26.603333,NA,NA,NA,NA,NA,NA,-76.98317,26.603333
"4779","gbif5301",-65.248367,18.3311,NA,NA,NA,NA,NA,NA,-65.248367,18.3311
"4780","gbif5302",-87.935013,17.385883,NA,NA,NA,NA,NA,NA,-87.935013,17.385883
"4781","gbif5303",-79.971634,21.677134,NA,NA,NA,NA,NA,NA,-79.971634,21.677134
"4782","gbif5304",-78.002899,25.160101,NA,NA,NA,NA,NA,NA,-78.002899,25.160101
"4783","gbif5305",-77.861,24.844999,NA,NA,NA,NA,NA,NA,-77.861,24.844999
"4784","gbif5306",-83.194504,21.617884,NA,NA,NA,NA,NA,NA,-83.194504,21.617884
"4785","gbif5307",-66.895233,11.792334,NA,NA,NA,NA,NA,NA,-66.895233,11.792334
"4786","gbif5308",-81.285583,21.8479,-81.3087079617919,21.8414227491664,-81.2483793295055,21.8414227491664,3.91220459364308,6.23656925870371,-81.2483793295055,21.8414227491664
"4787","gbif5309",-81.417519,21.891001,NA,NA,NA,NA,NA,NA,-81.417519,21.891001
"4788","gbif531",-80.2107,25.2208,NA,NA,NA,NA,NA,NA,-80.2107,25.2208
"4789","gbif5310",-87.815559,18.324881,NA,NA,NA,NA,NA,NA,-87.815559,18.324881
"4790","gbif5311",-78.280998,20.6061,NA,NA,NA,NA,NA,NA,-78.280998,20.6061
"4791","gbif5312",-77.426369,23.79092,NA,NA,NA,NA,NA,NA,-77.426369,23.79092
"4792","gbif5313",-79.467415,21.079517,NA,NA,NA,NA,NA,NA,-79.467415,21.079517
"4793","gbif5314",-65.314964,18.338083,-65.3120948323764,18.3112263801408,-65.3120948323764,18.373471656169,3.92868076660646,6.88955059508306,-65.3120948323764,18.373471656169
"4794","gbif5315",-77.983032,25.128851,NA,NA,NA,NA,NA,NA,-77.983032,25.128851
"4795","gbif5316",-80.415115,24.98605,NA,NA,NA,NA,NA,NA,-80.415115,24.98605
"4796","gbif5317",-77.646202,24.29167,NA,NA,NA,NA,NA,NA,-77.646202,24.29167
"4797","gbif5318",-77.743431,24.69953,-77.7678185908596,24.6926048181617,-77.7143915539915,24.7091515376065,3.12580817886443,5.70867593259974,-77.7143915539915,24.7091515376065
"4798","gbif5319",-78.002899,25.160101,NA,NA,NA,NA,NA,NA,-78.002899,25.160101
"4799","gbif532",-81.8775,24.452,NA,NA,NA,NA,NA,NA,-81.8775,24.452
"4800","gbif5320",-79.019485,20.846001,NA,NA,NA,NA,NA,NA,-79.019485,20.846001
"4801","gbif5321",-79.019485,20.846001,NA,NA,NA,NA,NA,NA,-79.019485,20.846001
"4802","gbif5322",-77.537033,24.097931,-77.5637787323847,24.0913518378895,-77.5143545100944,24.1089292330493,2.60773285796534,5.38905128935586,-77.5143545100944,24.1089292330493
"4803","gbif5323",-77.743431,24.69953,-77.7678185908596,24.6926048181617,-77.7143915539915,24.7091515376065,3.12580817886443,5.70867593259974,-77.7143915539915,24.7091515376065
"4804","gbif5324",-81.285583,21.8479,-81.3087079617919,21.8414227491664,-81.2483793295055,21.8414227491664,3.91220459364308,6.23656925870371,-81.2483793295055,21.8414227491664
"4805","gbif5325",-81.417519,21.891001,NA,NA,NA,NA,NA,NA,-81.417519,21.891001
"4806","gbif5326",-78.349724,22.540277,-78.360665080428,22.5083364208966,-78.3145026856825,22.5083364208966,5.0636035630231,4.74965479207132,-78.3145026856825,22.5083364208966
"4807","gbif5327",-87.443336,19.833334,NA,NA,NA,NA,NA,NA,-87.443336,19.833334
"4808","gbif5328",-77.646202,24.29167,NA,NA,NA,NA,NA,NA,-77.646202,24.29167
"4809","gbif5329",-74.540001,23.950001,-74.514568224885,23.9755464987032,-74.5804778662715,23.9755464987032,4.99776850253307,6.70769270674922,-74.5804778662715,23.9755464987032
"4810","gbif533",-81.7176,24.4796,NA,NA,NA,NA,NA,NA,-81.7176,24.4796
"4811","gbif5330",-77.646202,24.29167,NA,NA,NA,NA,NA,NA,-77.646202,24.29167
"4812","gbif5331",-77.465553,21.843334,-77.5131530864073,21.8414227491664,-77.4476754954621,21.8414227491664,1.86018058112082,6.76885112230064,-77.4476754954621,21.8414227491664
"4813","gbif5332",-81.405151,24.546074,NA,NA,NA,NA,NA,NA,-81.405151,24.546074
"4814","gbif5333",-77.376999,23.696501,NA,NA,NA,NA,NA,NA,-77.376999,23.696501
"4815","gbif5334",-77.983032,25.128851,NA,NA,NA,NA,NA,NA,-77.983032,25.128851
"4816","gbif5335",-88.038086,17.35215,NA,NA,NA,NA,NA,NA,-88.038086,17.35215
"4817","gbif5336",-81.247231,21.833334,NA,NA,NA,NA,NA,NA,-81.247231,21.833334
"4818","gbif5337",-78.655716,9.51865,NA,NA,NA,NA,NA,NA,-78.655716,9.51865
"4819","gbif5338",-79.558151,21.217699,NA,NA,NA,NA,NA,NA,-79.558151,21.217699
"4820","gbif5339",-82.430786,21.544283,NA,NA,NA,NA,NA,NA,-82.430786,21.544283
"4821","gbif534",-81.7176,24.4796,NA,NA,NA,NA,NA,NA,-81.7176,24.4796
"4822","gbif5340",-77.770172,24.72917,-77.7820188029016,24.7192993682217,-77.7810705686238,24.7758429047796,5.28615131931617,6.2640192548897,-77.7810705686238,24.7758429047796
"4823","gbif5341",-77.693176,24.6259,NA,NA,NA,NA,NA,NA,-77.693176,24.6259
"4824","gbif5342",-77.861,24.844999,NA,NA,NA,NA,NA,NA,-77.861,24.844999
"4825","gbif5343",-81.519333,22.09885,NA,NA,NA,NA,NA,NA,-81.519333,22.09885
"4826","gbif5344",-87.426613,18.457966,NA,NA,NA,NA,NA,NA,-87.426613,18.457966
"4827","gbif5345",-80.415115,24.98605,NA,NA,NA,NA,NA,NA,-80.415115,24.98605
"4828","gbif5346",-78.693054,22.626667,NA,NA,NA,NA,NA,NA,-78.693054,22.626667
"4829","gbif5347",-78.902435,20.772367,NA,NA,NA,NA,NA,NA,-78.902435,20.772367
"4830","gbif5348",-79.88282,19.680733,NA,NA,NA,NA,NA,NA,-79.88282,19.680733
"4831","gbif5349",-77.683723,24.5448,NA,NA,NA,NA,NA,NA,-77.683723,24.5448
"4832","gbif535",-81.1104,24.6255,NA,NA,NA,NA,NA,NA,-81.1104,24.6255
"4833","gbif5350",-81.425797,21.902267,NA,NA,NA,NA,NA,NA,-81.425797,21.902267
"4834","gbif5351",-80.415115,24.98605,NA,NA,NA,NA,NA,NA,-80.415115,24.98605
"4835","gbif5352",-78.034332,25.223921,NA,NA,NA,NA,NA,NA,-78.034332,25.223921
"4836","gbif5353",-66.884186,11.800233,NA,NA,NA,NA,NA,NA,-66.884186,11.800233
"4837","gbif5354",-77.807716,24.774349,-77.8237235889751,24.7610184835926,-77.7810705686238,24.7758429047796,2.69981166057824,4.61582272947461,-77.7810705686238,24.7758429047796
"4838","gbif5355",-78.885551,9.5436,NA,NA,NA,NA,NA,NA,-78.885551,9.5436
"4839","gbif5356",-79.103485,20.901316,NA,NA,NA,NA,NA,NA,-79.103485,20.901316
"4840","gbif5357",-87.740898,17.570784,NA,NA,NA,NA,NA,NA,-87.740898,17.570784
"4841","gbif5358",-78.311119,18.377451,NA,NA,NA,NA,NA,NA,-78.311119,18.377451
"4842","gbif5359",-65.248367,18.3311,NA,NA,NA,NA,NA,NA,-65.248367,18.3311
"4843","gbif536",-81.8775,24.452,NA,NA,NA,NA,NA,NA,-81.8775,24.452
"4844","gbif5360",-79.290001,21.089817,-79.2924615669568,21.1078177102631,-79.2480088905353,21.1078177102631,4.79668981355737,4.61843747961783,-79.2480088905353,21.1078177102631
"4845","gbif5361",-77.860977,24.844931,NA,NA,NA,NA,NA,NA,-77.860977,24.844931
"4846","gbif5362",-76.8032,18.318466,-76.8078125425649,18.3136721753972,-76.7808853491387,18.3067802889959,2.69033842812956,2.94712658400154,-76.7808853491387,18.3067802889959
"4847","gbif5363",-79.409164,21.07115,NA,NA,NA,NA,NA,NA,-79.409164,21.07115
"4848","gbif5364",-74.480003,24.17,NA,NA,NA,NA,NA,NA,-74.480003,24.17
"4849","gbif5365",-77.698067,24.439501,NA,NA,NA,NA,NA,NA,-77.698067,24.439501
"4850","gbif5366",-77.426369,23.79092,NA,NA,NA,NA,NA,NA,-77.426369,23.79092
"4851","gbif5367",-81.425797,21.902267,NA,NA,NA,NA,NA,NA,-81.425797,21.902267
"4852","gbif5368",-81.635834,21.580917,NA,NA,NA,NA,NA,NA,-81.635834,21.580917
"4853","gbif5369",-79.091263,20.899683,NA,NA,NA,NA,NA,NA,-79.091263,20.899683
"4854","gbif537",-80.3744,25.0088,NA,NA,NA,NA,NA,NA,-80.3744,25.0088
"4855","gbif5370",-78.085571,25.313219,NA,NA,NA,NA,NA,NA,-78.085571,25.313219
"4856","gbif5371",-81.077934,19.343901,NA,NA,NA,NA,NA,NA,-81.077934,19.343901
"4857","gbif5372",-82.449249,21.543533,NA,NA,NA,NA,NA,NA,-82.449249,21.543533
"4858","gbif5373",-82.449249,21.543533,NA,NA,NA,NA,NA,NA,-82.449249,21.543533
"4859","gbif5374",-81.876953,24.452066,NA,NA,NA,NA,NA,NA,-81.876953,24.452066
"4860","gbif5375",-71.113632,21.4589,NA,NA,NA,NA,NA,NA,-71.113632,21.4589
"4861","gbif5376",-77.8563,24.84425,NA,NA,NA,NA,NA,NA,-77.8563,24.84425
"4862","gbif5377",-81.425797,21.902267,NA,NA,NA,NA,NA,NA,-81.425797,21.902267
"4863","gbif5378",-79.928131,21.656967,NA,NA,NA,NA,NA,NA,-79.928131,21.656967
"4864","gbif5379",-82.449249,21.543533,NA,NA,NA,NA,NA,NA,-82.449249,21.543533
"4865","gbif538",-80.3765,25.0088,NA,NA,NA,NA,NA,NA,-80.3765,25.0088
"4866","gbif5380",-81.515869,22.021616,NA,NA,NA,NA,NA,NA,-81.515869,22.021616
"4867","gbif5381",-77.38237,23.709669,NA,NA,NA,NA,NA,NA,-77.38237,23.709669
"4868","gbif5382",-77.426369,23.79092,NA,NA,NA,NA,NA,NA,-77.426369,23.79092
"4869","gbif5383",-77.698997,24.483999,NA,NA,NA,NA,NA,NA,-77.698997,24.483999
"4870","gbif5384",-78.085571,25.313219,NA,NA,NA,NA,NA,NA,-78.085571,25.313219
"4871","gbif5385",-79.971634,21.677134,NA,NA,NA,NA,NA,NA,-79.971634,21.677134
"4872","gbif5386",-79.887482,19.679867,NA,NA,NA,NA,NA,NA,-79.887482,19.679867
"4873","gbif5387",-87.746132,17.59425,NA,NA,NA,NA,NA,NA,-87.746132,17.59425
"4874","gbif5388",-81.430435,21.912434,NA,NA,NA,NA,NA,NA,-81.430435,21.912434
"4875","gbif5389",-80.0728,19.656866,NA,NA,NA,NA,NA,NA,-80.0728,19.656866
"4876","gbif539",-81.857,24.4548,NA,NA,NA,NA,NA,NA,-81.857,24.4548
"4877","gbif5390",-79.290001,21.089817,-79.2924615669568,21.1078177102631,-79.2480088905353,21.1078177102631,4.79668981355737,4.61843747961783,-79.2480088905353,21.1078177102631
"4878","gbif5391",-80.022903,19.830517,NA,NA,NA,NA,NA,NA,-80.022903,19.830517
"4879","gbif5392",-78.002899,25.160101,NA,NA,NA,NA,NA,NA,-78.002899,25.160101
"4880","gbif5393",-77.807671,24.751329,-77.8110915000961,24.7483862432583,-77.7810705686238,24.7758429047796,3.82252174320534,4.2976284442484,-77.7810705686238,24.7758429047796
"4881","gbif5394",-77.647881,24.3013,NA,NA,NA,NA,NA,NA,-77.647881,24.3013
"4882","gbif5395",-81.876953,24.452066,NA,NA,NA,NA,NA,NA,-81.876953,24.452066
"4883","gbif5396",-81.180984,21.784901,NA,NA,NA,NA,NA,NA,-81.180984,21.784901
"4884","gbif5397",-77.629173,24.253151,NA,NA,NA,NA,NA,NA,-77.629173,24.253151
"4885","gbif5398",-77.698067,24.439501,NA,NA,NA,NA,NA,NA,-77.698067,24.439501
"4886","gbif5399",-77.861,24.844999,NA,NA,NA,NA,NA,NA,-77.861,24.844999
"4887","gbif54",-91.963667,20.212111,NA,NA,NA,NA,NA,NA,-91.963667,20.212111
"4888","gbif540",-81.8589,24.4545,NA,NA,NA,NA,NA,NA,-81.8589,24.4545
"4889","gbif5400",-80.301498,25.11875,NA,NA,NA,NA,NA,NA,-80.301498,25.11875
"4890","gbif5401",-77.921669,18.50585,-77.9221113855145,18.5064962105404,-77.9811076125208,18.506854390515,6.27762152035762,6.23003623663994,-77.9811076125208,18.506854390515
"4891","gbif5402",-65.314964,18.338083,-65.3120948323764,18.3112263801408,-65.3120948323764,18.373471656169,3.92868076660646,6.88955059508306,-65.3120948323764,18.373471656169
"4892","gbif5403",-81.876953,24.452066,NA,NA,NA,NA,NA,NA,-81.876953,24.452066
"4893","gbif5404",-77.38237,23.709669,NA,NA,NA,NA,NA,NA,-77.38237,23.709669
"4894","gbif5405",-77.68235,24.367029,NA,NA,NA,NA,NA,NA,-77.68235,24.367029
"4895","gbif5406",-81.477654,22.153999,NA,NA,NA,NA,NA,NA,-81.477654,22.153999
"4896","gbif5407",-81.820747,9.106234,-81.8172577162513,9.11048841249628,-81.7818114465642,9.10337161911821,4.29172752751239,3.97515475100498,-81.7818114465642,9.10337161911821
"4897","gbif5408",-78.126945,18.465834,-78.1256766267009,18.4502618987128,-78.1144656417855,18.506854390515,4.72777728810956,6.37489148415,-78.1144656417855,18.506854390515
"4898","gbif5409",-81.247231,21.833334,NA,NA,NA,NA,NA,NA,-81.247231,21.833334
"4899","gbif541",-80.3068,25.1075,NA,NA,NA,NA,NA,NA,-80.3068,25.1075
"4900","gbif5410",-77.691002,24.630671,NA,NA,NA,NA,NA,NA,-77.691002,24.630671
"4901","gbif5411",-82.317146,21.562784,NA,NA,NA,NA,NA,NA,-82.317146,21.562784
"4902","gbif5412",-77.691002,24.630671,NA,NA,NA,NA,NA,NA,-77.691002,24.630671
"4903","gbif5413",-66.580452,11.778517,NA,NA,NA,NA,NA,NA,-66.580452,11.778517
"4904","gbif5414",-81.430435,21.912434,NA,NA,NA,NA,NA,NA,-81.430435,21.912434
"4905","gbif5415",-81.519333,22.09885,NA,NA,NA,NA,NA,NA,-81.519333,22.09885
"4906","gbif5416",-79.971634,21.677134,NA,NA,NA,NA,NA,NA,-79.971634,21.677134
"4907","gbif5417",-79.409164,21.07115,NA,NA,NA,NA,NA,NA,-79.409164,21.07115
"4908","gbif5418",-82.317146,21.562784,NA,NA,NA,NA,NA,NA,-82.317146,21.562784
"4909","gbif5419",-77.807716,24.774349,-77.8237235889751,24.7610184835926,-77.7810705686238,24.7758429047796,2.69981166057824,4.61582272947461,-77.7810705686238,24.7758429047796
"4910","gbif542",-80.3745,25.0097,NA,NA,NA,NA,NA,NA,-80.3745,25.0097
"4911","gbif5420",-81.417519,21.891001,NA,NA,NA,NA,NA,NA,-81.417519,21.891001
"4912","gbif5421",-79.558151,21.217699,NA,NA,NA,NA,NA,NA,-79.558151,21.217699
"4913","gbif5422",-77.921669,18.50585,-77.9221113855145,18.5064962105404,-77.9811076125208,18.506854390515,6.27762152035762,6.23003623663994,-77.9811076125208,18.506854390515
"4914","gbif5423",-81.425797,21.902267,NA,NA,NA,NA,NA,NA,-81.425797,21.902267
"4915","gbif5424",-88.049515,16.9198,NA,NA,NA,NA,NA,NA,-88.049515,16.9198
"4916","gbif5425",-79.558151,21.217699,NA,NA,NA,NA,NA,NA,-79.558151,21.217699
"4917","gbif5426",-77.419022,23.778219,NA,NA,NA,NA,NA,NA,-77.419022,23.778219
"4918","gbif5427",-66.723,11.881133,NA,NA,NA,NA,NA,NA,-66.723,11.881133
"4919","gbif5428",-87.908035,17.15505,NA,NA,NA,NA,NA,NA,-87.908035,17.15505
"4920","gbif5429",-81.405151,24.546074,NA,NA,NA,NA,NA,NA,-81.405151,24.546074
"4921","gbif543",-81.7158,24.4798,NA,NA,NA,NA,NA,NA,-81.7158,24.4798
"4922","gbif5430",-81.430435,21.912434,NA,NA,NA,NA,NA,NA,-81.430435,21.912434
"4923","gbif5431",-78.002899,25.160101,NA,NA,NA,NA,NA,NA,-78.002899,25.160101
"4924","gbif5432",-81.430435,21.912434,NA,NA,NA,NA,NA,NA,-81.430435,21.912434
"4925","gbif5433",-77.537033,24.097931,-77.5637787323847,24.0913518378895,-77.5143545100944,24.1089292330493,2.60773285796534,5.38905128935586,-77.5143545100944,24.1089292330493
"4926","gbif5434",-81.479446,21.969482,NA,NA,NA,NA,NA,NA,-81.479446,21.969482
"4927","gbif5435",-82.969398,12.29153,NA,NA,NA,NA,NA,NA,-82.969398,12.29153
"4928","gbif5436",-79.467415,21.079517,NA,NA,NA,NA,NA,NA,-79.467415,21.079517
"4929","gbif5437",-66.723,11.881133,NA,NA,NA,NA,NA,NA,-66.723,11.881133
"4930","gbif5438",-77.38237,23.709669,NA,NA,NA,NA,NA,NA,-77.38237,23.709669
"4931","gbif5439",-77.861,24.844999,NA,NA,NA,NA,NA,NA,-77.861,24.844999
"4932","gbif544",-81.8775,24.452,NA,NA,NA,NA,NA,NA,-81.8775,24.452
"4933","gbif5440",-78.012581,18.457783,-78.0136067522523,18.4667927133692,-77.9811076125208,18.506854390515,6.36787866263645,5.6073773036097,-77.9811076125208,18.506854390515
"4934","gbif5441",-77.376999,23.696501,NA,NA,NA,NA,NA,NA,-77.376999,23.696501
"4935","gbif5442",-77.647881,24.3013,NA,NA,NA,NA,NA,NA,-77.647881,24.3013
"4936","gbif5443",-77.807716,24.774349,-77.8237235889751,24.7610184835926,-77.7810705686238,24.7758429047796,2.69981166057824,4.61582272947461,-77.7810705686238,24.7758429047796
"4937","gbif5444",-81.430435,21.912434,NA,NA,NA,NA,NA,NA,-81.430435,21.912434
"4938","gbif5445",-81.425797,21.902267,NA,NA,NA,NA,NA,NA,-81.425797,21.902267
"4939","gbif5446",-76.988503,26.397833,NA,NA,NA,NA,NA,NA,-76.988503,26.397833
"4940","gbif5447",-78.877731,9.561816,NA,NA,NA,NA,NA,NA,-78.877731,9.561816
"4941","gbif5448",-81.417519,21.891001,NA,NA,NA,NA,NA,NA,-81.417519,21.891001
"4942","gbif5449",-81.46685,21.960484,NA,NA,NA,NA,NA,NA,-81.46685,21.960484
"4943","gbif545",-81.8775,24.452,NA,NA,NA,NA,NA,NA,-81.8775,24.452
"4944","gbif5450",-77.68235,24.367029,NA,NA,NA,NA,NA,NA,-77.68235,24.367029
"4945","gbif5451",-74.540001,23.950001,-74.514568224885,23.9755464987032,-74.5804778662715,23.9755464987032,4.99776850253307,6.70769270674922,-74.5804778662715,23.9755464987032
"4946","gbif5452",-77.743431,24.69953,-77.7678185908596,24.6926048181617,-77.7143915539915,24.7091515376065,3.12580817886443,5.70867593259974,-77.7143915539915,24.7091515376065
"4947","gbif5453",-87.815559,18.324881,NA,NA,NA,NA,NA,NA,-87.815559,18.324881
"4948","gbif5454",-66.723,11.881133,NA,NA,NA,NA,NA,NA,-66.723,11.881133
"4949","gbif5455",-81.180984,21.784901,NA,NA,NA,NA,NA,NA,-81.180984,21.784901
"4950","gbif5456",-77.698997,24.483999,NA,NA,NA,NA,NA,NA,-77.698997,24.483999
"4951","gbif5457",-78.349724,22.540277,-78.360665080428,22.5083364208966,-78.3145026856825,22.5083364208966,5.0636035630231,4.74965479207132,-78.3145026856825,22.5083364208966
"4952","gbif5458",-77.858597,24.842171,NA,NA,NA,NA,NA,NA,-77.858597,24.842171
"4953","gbif5459",-79.409164,21.07115,NA,NA,NA,NA,NA,NA,-79.409164,21.07115
"4954","gbif546",-80.2105,25.2201,NA,NA,NA,NA,NA,NA,-80.2105,25.2201
"4955","gbif5460",-77.858597,24.842171,NA,NA,NA,NA,NA,NA,-77.858597,24.842171
"4956","gbif5461",-78.349724,22.540277,-78.360665080428,22.5083364208966,-78.3145026856825,22.5083364208966,5.0636035630231,4.74965479207132,-78.3145026856825,22.5083364208966
"4957","gbif5462",-71.110466,21.43845,NA,NA,NA,NA,NA,NA,-71.110466,21.43845
"4958","gbif5463",-77.770172,24.72917,-77.7820188029016,24.7192993682217,-77.7810705686238,24.7758429047796,5.28615131931617,6.2640192548897,-77.7810705686238,24.7758429047796
"4959","gbif5464",-77.537033,24.097931,-77.5637787323847,24.0913518378895,-77.5143545100944,24.1089292330493,2.60773285796534,5.38905128935586,-77.5143545100944,24.1089292330493
"4960","gbif5465",-78.991066,20.833683,NA,NA,NA,NA,NA,NA,-78.991066,20.833683
"4961","gbif5466",-81.197563,21.804667,NA,NA,NA,NA,NA,NA,-81.197563,21.804667
"4962","gbif5467",-66.622665,11.954284,NA,NA,NA,NA,NA,NA,-66.622665,11.954284
"4963","gbif5468",-61.349133,12.633467,NA,NA,NA,NA,NA,NA,-61.349133,12.633467
"4964","gbif5469",-77.860977,24.844931,NA,NA,NA,NA,NA,NA,-77.860977,24.844931
"4965","gbif547",-81.7158,24.4798,NA,NA,NA,NA,NA,NA,-81.7158,24.4798
"4966","gbif5470",-79.409164,21.07115,NA,NA,NA,NA,NA,NA,-79.409164,21.07115
"4967","gbif5471",-78.002899,25.160101,NA,NA,NA,NA,NA,NA,-78.002899,25.160101
"4968","gbif5472",-78.311119,18.377451,NA,NA,NA,NA,NA,NA,-78.311119,18.377451
"4969","gbif5473",-79.558151,21.217699,NA,NA,NA,NA,NA,NA,-79.558151,21.217699
"4970","gbif5474",-81.515869,22.021616,NA,NA,NA,NA,NA,NA,-81.515869,22.021616
"4971","gbif5475",-77.419022,23.778219,NA,NA,NA,NA,NA,NA,-77.419022,23.778219
"4972","gbif5476",-77.807671,24.751329,-77.8110915000961,24.7483862432583,-77.7810705686238,24.7758429047796,3.82252174320534,4.2976284442484,-77.7810705686238,24.7758429047796
"4973","gbif5477",-77.683723,24.5448,NA,NA,NA,NA,NA,NA,-77.683723,24.5448
"4974","gbif5478",-87.699867,16.914351,NA,NA,NA,NA,NA,NA,-87.699867,16.914351
"4975","gbif5479",-88.074135,16.72345,NA,NA,NA,NA,NA,NA,-88.074135,16.72345
"4976","gbif548",-81.8589,24.4545,NA,NA,NA,NA,NA,NA,-81.8589,24.4545
"4977","gbif5480",-71.113632,21.4589,NA,NA,NA,NA,NA,NA,-71.113632,21.4589
"4978","gbif5481",-78.311119,18.377451,NA,NA,NA,NA,NA,NA,-78.311119,18.377451
"4979","gbif5482",-77.38237,23.709669,NA,NA,NA,NA,NA,NA,-77.38237,23.709669
"4980","gbif5483",-79.467415,21.079517,NA,NA,NA,NA,NA,NA,-79.467415,21.079517
"4981","gbif5484",-77.770172,24.72917,-77.7820188029016,24.7192993682217,-77.7810705686238,24.7758429047796,5.28615131931617,6.2640192548897,-77.7810705686238,24.7758429047796
"4982","gbif5485",-78.280998,20.6061,NA,NA,NA,NA,NA,NA,-78.280998,20.6061
"4983","gbif5486",-87.2342,18.662367,NA,NA,NA,NA,NA,NA,-87.2342,18.662367
"4984","gbif5487",-81.957298,21.586367,NA,NA,NA,NA,NA,NA,-81.957298,21.586367
"4985","gbif5488",-78.126945,18.465834,-78.1256766267009,18.4502618987128,-78.1144656417855,18.506854390515,4.72777728810956,6.37489148415,-78.1144656417855,18.506854390515
"4986","gbif5489",-96.068336,19.197222,NA,NA,NA,NA,NA,NA,-96.068336,19.197222
"4987","gbif549",-81.1104,24.6255,NA,NA,NA,NA,NA,NA,-81.1104,24.6255
"4988","gbif5490",-78.002899,25.160101,NA,NA,NA,NA,NA,NA,-78.002899,25.160101
"4989","gbif5491",-87.940002,17.92,NA,NA,NA,NA,NA,NA,-87.940002,17.92
"4990","gbif5492",-78.085571,25.313219,NA,NA,NA,NA,NA,NA,-78.085571,25.313219
"4991","gbif5493",-77.647881,24.3013,NA,NA,NA,NA,NA,NA,-77.647881,24.3013
"4992","gbif5494",-77.426369,23.79092,NA,NA,NA,NA,NA,NA,-77.426369,23.79092
"4993","gbif5495",-77.698067,24.439501,NA,NA,NA,NA,NA,NA,-77.698067,24.439501
"4994","gbif5496",-77.426369,23.79092,NA,NA,NA,NA,NA,NA,-77.426369,23.79092
"4995","gbif5497",-78.280998,20.6061,NA,NA,NA,NA,NA,NA,-78.280998,20.6061
"4996","gbif5498",-77.698997,24.483999,NA,NA,NA,NA,NA,NA,-77.698997,24.483999
"4997","gbif5499",-81.681801,21.576967,NA,NA,NA,NA,NA,NA,-81.681801,21.576967
"4998","gbif55",-91.972778,20.219222,NA,NA,NA,NA,NA,NA,-91.972778,20.219222
"4999","gbif550",-81.8589,24.4545,NA,NA,NA,NA,NA,NA,-81.8589,24.4545
"5000","gbif5500",-77.983032,25.128851,NA,NA,NA,NA,NA,NA,-77.983032,25.128851
"5001","gbif5501",-79.409164,21.07115,NA,NA,NA,NA,NA,NA,-79.409164,21.07115
"5002","gbif5502",-79.409164,21.07115,NA,NA,NA,NA,NA,NA,-79.409164,21.07115
"5003","gbif5503",-78.280998,20.6061,NA,NA,NA,NA,NA,NA,-78.280998,20.6061
"5004","gbif5504",-77.419022,23.778219,NA,NA,NA,NA,NA,NA,-77.419022,23.778219
"5005","gbif5505",-78.002899,25.160101,NA,NA,NA,NA,NA,NA,-78.002899,25.160101
"5006","gbif5506",-74.480003,24.17,NA,NA,NA,NA,NA,NA,-74.480003,24.17
"5007","gbif5507",-77.426369,23.79092,NA,NA,NA,NA,NA,NA,-77.426369,23.79092
"5008","gbif5508",-76.959,26.577499,NA,NA,NA,NA,NA,NA,-76.959,26.577499
"5009","gbif5509",-81.405151,24.546074,NA,NA,NA,NA,NA,NA,-81.405151,24.546074
"5010","gbif551",-80.3068,25.1075,NA,NA,NA,NA,NA,NA,-80.3068,25.1075
"5011","gbif5510",-81.417519,21.891001,NA,NA,NA,NA,NA,NA,-81.417519,21.891001
"5012","gbif5511",-76.983284,18.409767,NA,NA,NA,NA,NA,NA,-76.983284,18.409767
"5013","gbif5512",-77.698067,24.439501,NA,NA,NA,NA,NA,NA,-77.698067,24.439501
"5014","gbif5513",-83.034401,12.18392,NA,NA,NA,NA,NA,NA,-83.034401,12.18392
"5015","gbif5514",-66.622665,11.954284,NA,NA,NA,NA,NA,NA,-66.622665,11.954284
"5016","gbif5515",-87.410469,18.408817,NA,NA,NA,NA,NA,NA,-87.410469,18.408817
"5017","gbif5516",-79.409164,21.07115,NA,NA,NA,NA,NA,NA,-79.409164,21.07115
"5018","gbif5517",-77.807671,24.751329,-77.8110915000961,24.7483862432583,-77.7810705686238,24.7758429047796,3.82252174320534,4.2976284442484,-77.7810705686238,24.7758429047796
"5019","gbif5518",-77.743431,24.69953,-77.7678185908596,24.6926048181617,-77.7143915539915,24.7091515376065,3.12580817886443,5.70867593259974,-77.7143915539915,24.7091515376065
"5020","gbif5519",-65.264786,18.338383,-65.2898684941656,18.3067802889959,-65.245415817744,18.3067802889959,4.05315173588614,4.69955400013281,-65.245415817744,18.3067802889959
"5021","gbif552",-81.7158,24.4798,NA,NA,NA,NA,NA,NA,-81.7158,24.4798
"5022","gbif5520",-77.65638,24.3069,NA,NA,NA,NA,NA,NA,-77.65638,24.3069
"5023","gbif5521",-77.937828,25.063669,-77.9796848016266,25.0642250659524,-77.9144285978885,25.0426083734717,3.31929246221483,7.00663945943426,-77.9144285978885,25.0426083734717
"5024","gbif5522",-79.207664,20.966749,NA,NA,NA,NA,NA,NA,-79.207664,20.966749
"5025","gbif5523",-80.301498,25.11875,NA,NA,NA,NA,NA,NA,-80.301498,25.11875
"5026","gbif5524",-77.983032,25.128851,NA,NA,NA,NA,NA,NA,-77.983032,25.128851
"5027","gbif5525",-77.65638,24.3069,NA,NA,NA,NA,NA,NA,-77.65638,24.3069
"5028","gbif5526",-65.314964,18.338083,-65.3120948323764,18.3112263801408,-65.3120948323764,18.373471656169,3.92868076660646,6.88955059508306,-65.3120948323764,18.373471656169
"5029","gbif5527",-81.876953,24.452066,NA,NA,NA,NA,NA,NA,-81.876953,24.452066
"5030","gbif5528",-81.425797,21.902267,NA,NA,NA,NA,NA,NA,-81.425797,21.902267
"5031","gbif5529",-77.770172,24.72917,-77.7820188029016,24.7192993682217,-77.7810705686238,24.7758429047796,5.28615131931617,6.2640192548897,-77.7810705686238,24.7758429047796
"5032","gbif553",-80.2105,25.2201,NA,NA,NA,NA,NA,NA,-80.2105,25.2201
"5033","gbif5530",-66.705765,11.766367,NA,NA,NA,NA,NA,NA,-66.705765,11.766367
"5034","gbif5531",-79.88282,19.680733,NA,NA,NA,NA,NA,NA,-79.88282,19.680733
"5035","gbif5532",-77.8563,24.84425,NA,NA,NA,NA,NA,NA,-77.8563,24.84425
"5036","gbif5533",-77.691002,24.630671,NA,NA,NA,NA,NA,NA,-77.691002,24.630671
"5037","gbif5534",-77.683723,24.5448,NA,NA,NA,NA,NA,NA,-77.683723,24.5448
"5038","gbif5535",-87.305977,20.399799,NA,NA,NA,NA,NA,NA,-87.305977,20.399799
"5039","gbif5536",-78.311119,18.377451,NA,NA,NA,NA,NA,NA,-78.311119,18.377451
"5040","gbif5537",-77.8563,24.84425,NA,NA,NA,NA,NA,NA,-77.8563,24.84425
"5041","gbif5538",-82.065933,9.272767,-82.103263513904,9.26535743003132,-82.0485275050935,9.23675435346425,4.41842005211074,6.79569046701186,-82.0485275050935,9.23675435346425
"5042","gbif5539",-79.145279,22.653334,NA,NA,NA,NA,NA,NA,-79.145279,22.653334
"5043","gbif554",-81.8775,24.452,NA,NA,NA,NA,NA,NA,-81.8775,24.452
"5044","gbif5540",-80.289619,25.136316,NA,NA,NA,NA,NA,NA,-80.289619,25.136316
"5045","gbif5541",-79.558151,21.217699,NA,NA,NA,NA,NA,NA,-79.558151,21.217699
"5046","gbif5542",-79.290001,21.089817,-79.2924615669568,21.1078177102631,-79.2480088905353,21.1078177102631,4.79668981355737,4.61843747961783,-79.2480088905353,21.1078177102631
"5047","gbif5543",-77.937828,25.063669,-77.9796848016266,25.0642250659524,-77.9144285978885,25.0426083734717,3.31929246221483,7.00663945943426,-77.9144285978885,25.0426083734717
"5048","gbif5544",-77.770172,24.72917,-77.7820188029016,24.7192993682217,-77.7810705686238,24.7758429047796,5.28615131931617,6.2640192548897,-77.7810705686238,24.7758429047796
"5049","gbif5545",-79.409164,21.07115,NA,NA,NA,NA,NA,NA,-79.409164,21.07115
"5050","gbif5546",-77.983032,25.128851,NA,NA,NA,NA,NA,NA,-77.983032,25.128851
"5051","gbif5547",-77.38237,23.709669,NA,NA,NA,NA,NA,NA,-77.38237,23.709669
"5052","gbif5548",-79.467415,21.079517,NA,NA,NA,NA,NA,NA,-79.467415,21.079517
"5053","gbif5549",-87.953697,17.355267,NA,NA,NA,NA,NA,NA,-87.953697,17.355267
"5054","gbif555",-81.7176,24.4796,NA,NA,NA,NA,NA,NA,-81.7176,24.4796
"5055","gbif5550",-77.954216,18.456583,-77.9685925354795,18.4778245691165,-77.9685925354795,18.4778245691165,2.79885007420087,0,-77.9685925354795,18.4778245691165
"5056","gbif5551",-79.290001,21.089817,-79.2924615669568,21.1078177102631,-79.2480088905353,21.1078177102631,4.79668981355737,4.61843747961783,-79.2480088905353,21.1078177102631
"5057","gbif5552",-80.126663,23.1,NA,NA,NA,NA,NA,NA,-80.126663,23.1
"5058","gbif5553",-77.693176,24.6259,NA,NA,NA,NA,NA,NA,-77.693176,24.6259
"5059","gbif5554",-78.847954,20.811966,NA,NA,NA,NA,NA,NA,-78.847954,20.811966
"5060","gbif5555",-81.077934,19.343901,NA,NA,NA,NA,NA,NA,-81.077934,19.343901
"5061","gbif5556",-87.320534,18.519634,NA,NA,NA,NA,NA,NA,-87.320534,18.519634
"5062","gbif5557",-82.9804,12.31568,NA,NA,NA,NA,NA,NA,-82.9804,12.31568
"5063","gbif5558",-71.599998,21.299999,NA,NA,NA,NA,NA,NA,-71.599998,21.299999
"5064","gbif5559",-79.103485,20.901316,NA,NA,NA,NA,NA,NA,-79.103485,20.901316
"5065","gbif556",-81.7176,24.4796,NA,NA,NA,NA,NA,NA,-81.7176,24.4796
"5066","gbif5560",-87.410469,18.408817,NA,NA,NA,NA,NA,NA,-87.410469,18.408817
"5067","gbif5561",-77.860977,24.844931,NA,NA,NA,NA,NA,NA,-77.860977,24.844931
"5068","gbif5562",-77.465553,21.843334,-77.5131530864073,21.8414227491664,-77.4476754954621,21.8414227491664,1.86018058112082,6.76885112230064,-77.4476754954621,21.8414227491664
"5069","gbif5563",-77.691002,24.630671,NA,NA,NA,NA,NA,NA,-77.691002,24.630671
"5070","gbif5564",-77.602501,22.024723,NA,NA,NA,NA,NA,NA,-77.602501,22.024723
"5071","gbif5565",-77.38237,23.709669,NA,NA,NA,NA,NA,NA,-77.38237,23.709669
"5072","gbif5566",-79.430214,21.067783,NA,NA,NA,NA,NA,NA,-79.430214,21.067783
"5073","gbif5567",-81.425797,21.902267,NA,NA,NA,NA,NA,NA,-81.425797,21.902267
"5074","gbif5568",-78.349724,22.540277,-78.360665080428,22.5083364208966,-78.3145026856825,22.5083364208966,5.0636035630231,4.74965479207132,-78.3145026856825,22.5083364208966
"5075","gbif5569",-78.034332,25.223921,NA,NA,NA,NA,NA,NA,-78.034332,25.223921
"5076","gbif557",-81.8775,24.452,NA,NA,NA,NA,NA,NA,-81.8775,24.452
"5077","gbif5570",-81.405151,24.546074,NA,NA,NA,NA,NA,NA,-81.405151,24.546074
"5078","gbif5571",-81.405151,24.546074,NA,NA,NA,NA,NA,NA,-81.405151,24.546074
"5079","gbif5572",-74.470001,24.15,NA,NA,NA,NA,NA,NA,-74.470001,24.15
"5080","gbif5573",-66.723,11.881133,NA,NA,NA,NA,NA,NA,-66.723,11.881133
"5081","gbif5574",-78.085571,25.313219,NA,NA,NA,NA,NA,NA,-78.085571,25.313219
"5082","gbif5575",-77.807671,24.751329,-77.8110915000961,24.7483862432583,-77.7810705686238,24.7758429047796,3.82252174320534,4.2976284442484,-77.7810705686238,24.7758429047796
"5083","gbif5576",-81.247231,21.833334,NA,NA,NA,NA,NA,NA,-81.247231,21.833334
"5084","gbif5577",-78.991066,20.833683,NA,NA,NA,NA,NA,NA,-78.991066,20.833683
"5085","gbif5578",-65.248367,18.3311,NA,NA,NA,NA,NA,NA,-65.248367,18.3311
"5086","gbif5579",-74.540001,23.950001,-74.514568224885,23.9755464987032,-74.5804778662715,23.9755464987032,4.99776850253307,6.70769270674922,-74.5804778662715,23.9755464987032
"5087","gbif558",-80.375,25.0091,NA,NA,NA,NA,NA,NA,-80.375,25.0091
"5088","gbif5580",-81.180984,21.784901,NA,NA,NA,NA,NA,NA,-81.180984,21.784901
"5089","gbif5581",-77.858597,24.842171,NA,NA,NA,NA,NA,NA,-77.858597,24.842171
"5090","gbif5582",-77.647881,24.3013,NA,NA,NA,NA,NA,NA,-77.647881,24.3013
"5091","gbif5583",-81.681801,21.576967,NA,NA,NA,NA,NA,NA,-81.681801,21.576967
"5092","gbif5584",-78.034332,25.223921,NA,NA,NA,NA,NA,NA,-78.034332,25.223921
"5093","gbif5585",-78.885536,9.5436,NA,NA,NA,NA,NA,NA,-78.885536,9.5436
"5094","gbif5586",-74.480003,24.17,NA,NA,NA,NA,NA,NA,-74.480003,24.17
"5095","gbif5587",-78.280998,20.6061,NA,NA,NA,NA,NA,NA,-78.280998,20.6061
"5096","gbif5588",-82.449249,21.543533,NA,NA,NA,NA,NA,NA,-82.449249,21.543533
"5097","gbif5589",-81.635834,21.580917,NA,NA,NA,NA,NA,NA,-81.635834,21.580917
"5098","gbif559",-81.8589,24.4545,NA,NA,NA,NA,NA,NA,-81.8589,24.4545
"5099","gbif5590",-78.991066,20.833683,NA,NA,NA,NA,NA,NA,-78.991066,20.833683
"5100","gbif5591",-80.218903,25.208883,NA,NA,NA,NA,NA,NA,-80.218903,25.208883
"5101","gbif5592",-78.311119,18.377451,NA,NA,NA,NA,NA,NA,-78.311119,18.377451
"5102","gbif5593",-78.040833,22.424999,NA,NA,NA,NA,NA,NA,-78.040833,22.424999
"5103","gbif5594",-78.126945,18.465834,-78.1256766267009,18.4502618987128,-78.1144656417855,18.506854390515,4.72777728810956,6.37489148415,-78.1144656417855,18.506854390515
"5104","gbif5595",-77.537033,24.097931,-77.5637787323847,24.0913518378895,-77.5143545100944,24.1089292330493,2.60773285796534,5.38905128935586,-77.5143545100944,24.1089292330493
"5105","gbif5596",-82.324165,9.423317,NA,NA,NA,NA,NA,NA,-82.324165,9.423317
"5106","gbif5597",-87.313454,18.770166,NA,NA,NA,NA,NA,NA,-87.313454,18.770166
"5107","gbif5598",-66.689034,11.882234,NA,NA,NA,NA,NA,NA,-66.689034,11.882234
"5108","gbif5599",-65.572502,18.377733,NA,NA,NA,NA,NA,NA,-65.572502,18.377733
"5109","gbif56",-91.972778,20.219222,NA,NA,NA,NA,NA,NA,-91.972778,20.219222
"5110","gbif560",-80.3765,25.0088,NA,NA,NA,NA,NA,NA,-80.3765,25.0088
"5111","gbif5600",-78.280998,20.6061,NA,NA,NA,NA,NA,NA,-78.280998,20.6061
"5112","gbif5601",-78.991066,20.833683,NA,NA,NA,NA,NA,NA,-78.991066,20.833683
"5113","gbif5602",-81.197563,21.804667,NA,NA,NA,NA,NA,NA,-81.197563,21.804667
"5114","gbif5603",-79.019485,20.846001,NA,NA,NA,NA,NA,NA,-79.019485,20.846001
"5115","gbif5604",-80.218903,25.208883,NA,NA,NA,NA,NA,NA,-80.218903,25.208883
"5116","gbif5605",-77.537033,24.097931,-77.5637787323847,24.0913518378895,-77.5143545100944,24.1089292330493,2.60773285796534,5.38905128935586,-77.5143545100944,24.1089292330493
"5117","gbif5606",-77.38237,23.709669,NA,NA,NA,NA,NA,NA,-77.38237,23.709669
"5118","gbif5607",-78.002899,25.160101,NA,NA,NA,NA,NA,NA,-78.002899,25.160101
"5119","gbif5608",-79.430214,21.067783,NA,NA,NA,NA,NA,NA,-79.430214,21.067783
"5120","gbif5609",-79.199135,20.968517,NA,NA,NA,NA,NA,NA,-79.199135,20.968517
"5121","gbif561",-81.857,24.4548,NA,NA,NA,NA,NA,NA,-81.857,24.4548
"5122","gbif5610",-88.139999,16.76,NA,NA,NA,NA,NA,NA,-88.139999,16.76
"5123","gbif5611",-79.103485,20.901316,NA,NA,NA,NA,NA,NA,-79.103485,20.901316
"5124","gbif5612",-77.698067,24.439501,NA,NA,NA,NA,NA,NA,-77.698067,24.439501
"5125","gbif5613",-78.034332,25.223921,NA,NA,NA,NA,NA,NA,-78.034332,25.223921
"5126","gbif5614",-78.036499,9.5165,NA,NA,NA,NA,NA,NA,-78.036499,9.5165
"5127","gbif5615",-81.397018,21.885084,NA,NA,NA,NA,NA,NA,-81.397018,21.885084
"5128","gbif5616",-78.034332,25.223921,NA,NA,NA,NA,NA,NA,-78.034332,25.223921
"5129","gbif5617",-74.540001,23.950001,-74.514568224885,23.9755464987032,-74.5804778662715,23.9755464987032,4.99776850253307,6.70769270674922,-74.5804778662715,23.9755464987032
"5130","gbif5618",-77.861,24.844999,NA,NA,NA,NA,NA,NA,-77.861,24.844999
"5131","gbif5619",-71.599998,21.299999,NA,NA,NA,NA,NA,NA,-71.599998,21.299999
"5132","gbif562",-81.8775,24.452,NA,NA,NA,NA,NA,NA,-81.8775,24.452
"5133","gbif5620",-77.770172,24.72917,-77.7820188029016,24.7192993682217,-77.7810705686238,24.7758429047796,5.28615131931617,6.2640192548897,-77.7810705686238,24.7758429047796
"5134","gbif5621",-77.629173,24.253151,NA,NA,NA,NA,NA,NA,-77.629173,24.253151
"5135","gbif5622",-77.465553,21.843334,-77.5131530864073,21.8414227491664,-77.4476754954621,21.8414227491664,1.86018058112082,6.76885112230064,-77.4476754954621,21.8414227491664
"5136","gbif5623",-78.164169,18.1735,NA,NA,NA,NA,NA,NA,-78.164169,18.1735
"5137","gbif5624",-77.937828,25.063669,-77.9796848016266,25.0642250659524,-77.9144285978885,25.0426083734717,3.31929246221483,7.00663945943426,-77.9144285978885,25.0426083734717
"5138","gbif5625",-66.580452,11.778517,NA,NA,NA,NA,NA,NA,-66.580452,11.778517
"5139","gbif5626",-66.723,11.881133,NA,NA,NA,NA,NA,NA,-66.723,11.881133
"5140","gbif5627",-81.430435,21.912434,NA,NA,NA,NA,NA,NA,-81.430435,21.912434
"5141","gbif5628",-77.8563,24.84425,NA,NA,NA,NA,NA,NA,-77.8563,24.84425
"5142","gbif5629",-66.580452,11.778517,NA,NA,NA,NA,NA,NA,-66.580452,11.778517
"5143","gbif563",-80.2107,25.2208,NA,NA,NA,NA,NA,NA,-80.2107,25.2208
"5144","gbif5630",-77.670677,24.343149,NA,NA,NA,NA,NA,NA,-77.670677,24.343149
"5145","gbif5631",-79.467415,21.079517,NA,NA,NA,NA,NA,NA,-79.467415,21.079517
"5146","gbif5632",-79.558151,21.217699,NA,NA,NA,NA,NA,NA,-79.558151,21.217699
"5147","gbif5633",-81.07473,19.317633,NA,NA,NA,NA,NA,NA,-81.07473,19.317633
"5148","gbif5634",-77.38237,23.709669,NA,NA,NA,NA,NA,NA,-77.38237,23.709669
"5149","gbif5635",-78.002899,25.160101,NA,NA,NA,NA,NA,NA,-78.002899,25.160101
"5150","gbif5636",-81.417519,21.891001,NA,NA,NA,NA,NA,NA,-81.417519,21.891001
"5151","gbif5637",-66.723,11.881133,NA,NA,NA,NA,NA,NA,-66.723,11.881133
"5152","gbif5638",-81.430435,21.912434,NA,NA,NA,NA,NA,NA,-81.430435,21.912434
"5153","gbif5639",-78.034332,25.223921,NA,NA,NA,NA,NA,NA,-78.034332,25.223921
"5154","gbif564",-80.3745,25.0097,NA,NA,NA,NA,NA,NA,-80.3745,25.0097
"5155","gbif5640",-77.691002,24.630671,NA,NA,NA,NA,NA,NA,-77.691002,24.630671
"5156","gbif5641",-81.430435,21.912434,NA,NA,NA,NA,NA,NA,-81.430435,21.912434
"5157","gbif5642",-81.197563,21.804667,NA,NA,NA,NA,NA,NA,-81.197563,21.804667
"5158","gbif5643",-77.670677,24.343149,NA,NA,NA,NA,NA,NA,-77.670677,24.343149
"5159","gbif5644",-78.085571,25.313219,NA,NA,NA,NA,NA,NA,-78.085571,25.313219
"5160","gbif5645",-77.537033,24.097931,-77.5637787323847,24.0913518378895,-77.5143545100944,24.1089292330493,2.60773285796534,5.38905128935586,-77.5143545100944,24.1089292330493
"5161","gbif5646",-77.983032,25.128851,NA,NA,NA,NA,NA,NA,-77.983032,25.128851
"5162","gbif5647",-78.847954,20.811966,NA,NA,NA,NA,NA,NA,-78.847954,20.811966
"5163","gbif5648",-71.599998,21.299999,NA,NA,NA,NA,NA,NA,-71.599998,21.299999
"5164","gbif5649",-76.97683,26.3575,NA,NA,NA,NA,NA,NA,-76.97683,26.3575
"5165","gbif565",-81.8775,24.452,NA,NA,NA,NA,NA,NA,-81.8775,24.452
"5166","gbif5650",-77.376999,23.696501,NA,NA,NA,NA,NA,NA,-77.376999,23.696501
"5167","gbif5651",-78.126945,18.465834,-78.1256766267009,18.4502618987128,-78.1144656417855,18.506854390515,4.72777728810956,6.37489148415,-78.1144656417855,18.506854390515
"5168","gbif5652",-79.944298,21.666683,NA,NA,NA,NA,NA,NA,-79.944298,21.666683
"5169","gbif5653",-65.248367,18.3311,NA,NA,NA,NA,NA,NA,-65.248367,18.3311
"5170","gbif5654",-77.419022,23.778219,NA,NA,NA,NA,NA,NA,-77.419022,23.778219
"5171","gbif5655",-81.180984,21.784901,NA,NA,NA,NA,NA,NA,-81.180984,21.784901
"5172","gbif5656",-81.405151,24.546074,NA,NA,NA,NA,NA,NA,-81.405151,24.546074
"5173","gbif5657",-78.902496,22.693611,NA,NA,NA,NA,NA,NA,-78.902496,22.693611
"5174","gbif5658",-77.983032,25.128851,NA,NA,NA,NA,NA,NA,-77.983032,25.128851
"5175","gbif5659",-78.847954,20.811966,NA,NA,NA,NA,NA,NA,-78.847954,20.811966
"5176","gbif566",-81.7158,24.4798,NA,NA,NA,NA,NA,NA,-81.7158,24.4798
"5177","gbif5660",-77.376999,23.696501,NA,NA,NA,NA,NA,NA,-77.376999,23.696501
"5178","gbif5661",-78.034332,25.223921,NA,NA,NA,NA,NA,NA,-78.034332,25.223921
"5179","gbif5662",-77.770172,24.72917,-77.7820188029016,24.7192993682217,-77.7810705686238,24.7758429047796,5.28615131931617,6.2640192548897,-77.7810705686238,24.7758429047796
"5180","gbif5663",-77.426369,23.79092,NA,NA,NA,NA,NA,NA,-77.426369,23.79092
"5181","gbif5664",-88.080002,16.780001,NA,NA,NA,NA,NA,NA,-88.080002,16.780001
"5182","gbif5665",-81.515869,22.021616,NA,NA,NA,NA,NA,NA,-81.515869,22.021616
"5183","gbif5666",-78.109665,20.584999,NA,NA,NA,NA,NA,NA,-78.109665,20.584999
"5184","gbif5667",-77.683723,24.5448,NA,NA,NA,NA,NA,NA,-77.683723,24.5448
"5185","gbif5668",-79.409164,21.07115,NA,NA,NA,NA,NA,NA,-79.409164,21.07115
"5186","gbif5669",-88.018913,17.672684,NA,NA,NA,NA,NA,NA,-88.018913,17.672684
"5187","gbif567",-87.316667,20.408333,-87.3153170695903,20.4080113929087,-87.3161696610483,20.3742126713598,3.777782796224,3.7428794465092,-87.3161696610483,20.3742126713598
"5188","gbif5670",-77.983032,25.128851,NA,NA,NA,NA,NA,NA,-77.983032,25.128851
"5189","gbif5671",-77.698997,24.483999,NA,NA,NA,NA,NA,NA,-77.698997,24.483999
"5190","gbif5672",-65.248367,18.3311,NA,NA,NA,NA,NA,NA,-65.248367,18.3311
"5191","gbif5673",-78.002899,25.160101,NA,NA,NA,NA,NA,NA,-78.002899,25.160101
"5192","gbif5674",-79.971634,21.677134,NA,NA,NA,NA,NA,NA,-79.971634,21.677134
"5193","gbif5675",-79.103485,20.901316,NA,NA,NA,NA,NA,NA,-79.103485,20.901316
"5194","gbif5676",-78.354134,18.31255,NA,NA,NA,NA,NA,NA,-78.354134,18.31255
"5195","gbif5677",-77.629173,24.253151,NA,NA,NA,NA,NA,NA,-77.629173,24.253151
"5196","gbif5678",-77.860977,24.844931,NA,NA,NA,NA,NA,NA,-77.860977,24.844931
"5197","gbif5679",-77.937828,25.063669,-77.9796848016266,25.0642250659524,-77.9144285978885,25.0426083734717,3.31929246221483,7.00663945943426,-77.9144285978885,25.0426083734717
"5198","gbif568",-87.680833,18.675,NA,NA,NA,NA,NA,NA,-87.680833,18.675
"5199","gbif5680",-77.743431,24.69953,-77.7678185908596,24.6926048181617,-77.7143915539915,24.7091515376065,3.12580817886443,5.70867593259974,-77.7143915539915,24.7091515376065
"5200","gbif5681",-80.126663,23.1,NA,NA,NA,NA,NA,NA,-80.126663,23.1
"5201","gbif5682",-77.861,24.844999,NA,NA,NA,NA,NA,NA,-77.861,24.844999
"5202","gbif5683",-78.002899,25.160101,NA,NA,NA,NA,NA,NA,-78.002899,25.160101
"5203","gbif5684",-80.0728,19.656866,NA,NA,NA,NA,NA,NA,-80.0728,19.656866
"5204","gbif5685",-81.247231,21.833334,NA,NA,NA,NA,NA,NA,-81.247231,21.833334
"5205","gbif5686",-81.180984,21.784901,NA,NA,NA,NA,NA,NA,-81.180984,21.784901
"5206","gbif5687",-77.426369,23.79092,NA,NA,NA,NA,NA,NA,-77.426369,23.79092
"5207","gbif5688",-77.698067,24.439501,NA,NA,NA,NA,NA,NA,-77.698067,24.439501
"5208","gbif5689",-77.807716,24.774349,-77.8237235889751,24.7610184835926,-77.7810705686238,24.7758429047796,2.69981166057824,4.61582272947461,-77.7810705686238,24.7758429047796
"5209","gbif569",-87.013056,20.272778,NA,NA,NA,NA,NA,NA,-87.013056,20.272778
"5210","gbif5690",-78.680397,20.644234,NA,NA,NA,NA,NA,NA,-78.680397,20.644234
"5211","gbif5691",-77.8563,24.84425,NA,NA,NA,NA,NA,NA,-77.8563,24.84425
"5212","gbif5692",-66.580452,11.778517,NA,NA,NA,NA,NA,NA,-66.580452,11.778517
"5213","gbif5693",-77.698067,24.439501,NA,NA,NA,NA,NA,NA,-77.698067,24.439501
"5214","gbif5694",-77.860977,24.844931,NA,NA,NA,NA,NA,NA,-77.860977,24.844931
"5215","gbif5695",-77.38237,23.709669,NA,NA,NA,NA,NA,NA,-77.38237,23.709669
"5216","gbif5696",-78.680397,20.644234,NA,NA,NA,NA,NA,NA,-78.680397,20.644234
"5217","gbif5697",-77.670677,24.343149,NA,NA,NA,NA,NA,NA,-77.670677,24.343149
"5218","gbif5698",-87.316513,18.510616,NA,NA,NA,NA,NA,NA,-87.316513,18.510616
"5219","gbif5699",-76.988503,26.397833,NA,NA,NA,NA,NA,NA,-76.988503,26.397833
"5220","gbif57",-91.961644,20.210072,NA,NA,NA,NA,NA,NA,-91.961644,20.210072
"5221","gbif570",-86.779433,21.03115,NA,NA,NA,NA,NA,NA,-86.779433,21.03115
"5222","gbif5700",-77.646202,24.29167,NA,NA,NA,NA,NA,NA,-77.646202,24.29167
"5223","gbif5701",-66.580452,11.778517,NA,NA,NA,NA,NA,NA,-66.580452,11.778517
"5224","gbif5702",-80.218903,25.208883,NA,NA,NA,NA,NA,NA,-80.218903,25.208883
"5225","gbif5703",-77.537033,24.097931,-77.5637787323847,24.0913518378895,-77.5143545100944,24.1089292330493,2.60773285796534,5.38905128935586,-77.5143545100944,24.1089292330493
"5226","gbif5704",-77.698067,24.439501,NA,NA,NA,NA,NA,NA,-77.698067,24.439501
"5227","gbif5705",-77.376999,23.696501,NA,NA,NA,NA,NA,NA,-77.376999,23.696501
"5228","gbif5706",-78.085571,25.313219,NA,NA,NA,NA,NA,NA,-78.085571,25.313219
"5229","gbif5707",-81.957298,21.586367,NA,NA,NA,NA,NA,NA,-81.957298,21.586367
"5230","gbif5708",-81.585899,21.585649,NA,NA,NA,NA,NA,NA,-81.585899,21.585649
"5231","gbif5709",-87.882385,16.740784,NA,NA,NA,NA,NA,NA,-87.882385,16.740784
"5232","gbif571",-86.741566,21.1618,NA,NA,NA,NA,NA,NA,-86.741566,21.1618
"5233","gbif5710",-77.426369,23.79092,NA,NA,NA,NA,NA,NA,-77.426369,23.79092
"5234","gbif5711",-76.97683,26.3575,NA,NA,NA,NA,NA,NA,-76.97683,26.3575
"5235","gbif5712",-79.290001,21.089817,-79.2924615669568,21.1078177102631,-79.2480088905353,21.1078177102631,4.79668981355737,4.61843747961783,-79.2480088905353,21.1078177102631
"5236","gbif5713",-77.647881,24.3013,NA,NA,NA,NA,NA,NA,-77.647881,24.3013
"5237","gbif5714",-71.110466,21.43845,NA,NA,NA,NA,NA,NA,-71.110466,21.43845
"5238","gbif5715",-87.744049,17.59375,NA,NA,NA,NA,NA,NA,-87.744049,17.59375
"5239","gbif5716",-79.887482,19.679867,NA,NA,NA,NA,NA,NA,-79.887482,19.679867
"5240","gbif5717",-77.698067,24.439501,NA,NA,NA,NA,NA,NA,-77.698067,24.439501
"5241","gbif5718",-79.944298,21.666683,NA,NA,NA,NA,NA,NA,-79.944298,21.666683
"5242","gbif5719",-77.419022,23.778219,NA,NA,NA,NA,NA,NA,-77.419022,23.778219
"5243","gbif572",-86.741566,21.1618,NA,NA,NA,NA,NA,NA,-86.741566,21.1618
"5244","gbif5720",-77.419022,23.778219,NA,NA,NA,NA,NA,NA,-77.419022,23.778219
"5245","gbif5721",-81.197563,21.804667,NA,NA,NA,NA,NA,NA,-81.197563,21.804667
"5246","gbif5722",-77.983032,25.128851,NA,NA,NA,NA,NA,NA,-77.983032,25.128851
"5247","gbif5723",-78.354134,18.31255,NA,NA,NA,NA,NA,NA,-78.354134,18.31255
"5248","gbif5724",-81.285583,21.8479,-81.3087079617919,21.8414227491664,-81.2483793295055,21.8414227491664,3.91220459364308,6.23656925870371,-81.2483793295055,21.8414227491664
"5249","gbif5725",-82.317146,21.562784,NA,NA,NA,NA,NA,NA,-82.317146,21.562784
"5250","gbif5726",-78.280998,20.6061,NA,NA,NA,NA,NA,NA,-78.280998,20.6061
"5251","gbif5727",-77.670677,24.343149,NA,NA,NA,NA,NA,NA,-77.670677,24.343149
"5252","gbif5728",-87.426613,18.457966,NA,NA,NA,NA,NA,NA,-87.426613,18.457966
"5253","gbif5729",-77.983032,25.128851,NA,NA,NA,NA,NA,NA,-77.983032,25.128851
"5254","gbif573",-86.741566,21.1618,NA,NA,NA,NA,NA,NA,-86.741566,21.1618
"5255","gbif5730",-77.983032,25.128851,NA,NA,NA,NA,NA,NA,-77.983032,25.128851
"5256","gbif5731",-77.38237,23.709669,NA,NA,NA,NA,NA,NA,-77.38237,23.709669
"5257","gbif5732",-77.38237,23.709669,NA,NA,NA,NA,NA,NA,-77.38237,23.709669
"5258","gbif5733",-76.988464,26.397783,NA,NA,NA,NA,NA,NA,-76.988464,26.397783
"5259","gbif5734",-78.280998,20.6061,NA,NA,NA,NA,NA,NA,-78.280998,20.6061
"5260","gbif5735",-78.085571,25.313219,NA,NA,NA,NA,NA,NA,-78.085571,25.313219
"5261","gbif5736",-77.629173,24.253151,NA,NA,NA,NA,NA,NA,-77.629173,24.253151
"5262","gbif5737",-79.928131,21.656967,NA,NA,NA,NA,NA,NA,-79.928131,21.656967
"5263","gbif5738",-79.019485,20.846001,NA,NA,NA,NA,NA,NA,-79.019485,20.846001
"5264","gbif5739",-80.415115,24.98605,NA,NA,NA,NA,NA,NA,-80.415115,24.98605
"5265","gbif574",-86.779433,21.03115,NA,NA,NA,NA,NA,NA,-86.779433,21.03115
"5266","gbif5740",-78.085571,25.313219,NA,NA,NA,NA,NA,NA,-78.085571,25.313219
"5267","gbif5741",-78.034332,25.223921,NA,NA,NA,NA,NA,NA,-78.034332,25.223921
"5268","gbif5742",-65.264786,18.338383,-65.2898684941656,18.3067802889959,-65.245415817744,18.3067802889959,4.05315173588614,4.69955400013281,-65.245415817744,18.3067802889959
"5269","gbif5743",-81.515869,22.021616,NA,NA,NA,NA,NA,NA,-81.515869,22.021616
"5270","gbif5744",-78.002899,25.160101,NA,NA,NA,NA,NA,NA,-78.002899,25.160101
"5271","gbif5745",-78.085831,25.313166,NA,NA,NA,NA,NA,NA,-78.085831,25.313166
"5272","gbif5746",-87.447777,19.825001,NA,NA,NA,NA,NA,NA,-87.447777,19.825001
"5273","gbif5747",-66.884186,11.800233,NA,NA,NA,NA,NA,NA,-66.884186,11.800233
"5274","gbif5748",-78.085571,25.313219,NA,NA,NA,NA,NA,NA,-78.085571,25.313219
"5275","gbif5749",-81.430435,21.912434,NA,NA,NA,NA,NA,NA,-81.430435,21.912434
"5276","gbif575",-86.744916,21.1498,NA,NA,NA,NA,NA,NA,-86.744916,21.1498
"5277","gbif5750",-77.807716,24.774349,-77.8237235889751,24.7610184835926,-77.7810705686238,24.7758429047796,2.69981166057824,4.61582272947461,-77.7810705686238,24.7758429047796
"5278","gbif5751",-77.670677,24.343149,NA,NA,NA,NA,NA,NA,-77.670677,24.343149
"5279","gbif5752",-81.967514,21.570801,NA,NA,NA,NA,NA,NA,-81.967514,21.570801
"5280","gbif5753",-87.426613,18.457966,NA,NA,NA,NA,NA,NA,-87.426613,18.457966
"5281","gbif5754",-79.584999,22.833611,NA,NA,NA,NA,NA,NA,-79.584999,22.833611
"5282","gbif5755",-81.430435,21.912434,NA,NA,NA,NA,NA,NA,-81.430435,21.912434
"5283","gbif5756",-79.467415,21.079517,NA,NA,NA,NA,NA,NA,-79.467415,21.079517
"5284","gbif5757",-74.540001,23.950001,-74.514568224885,23.9755464987032,-74.5804778662715,23.9755464987032,4.99776850253307,6.70769270674922,-74.5804778662715,23.9755464987032
"5285","gbif5758",-81.515869,22.021616,NA,NA,NA,NA,NA,NA,-81.515869,22.021616
"5286","gbif5759",-77.858597,24.842171,NA,NA,NA,NA,NA,NA,-77.858597,24.842171
"5287","gbif576",-86.744916,21.1498,NA,NA,NA,NA,NA,NA,-86.744916,21.1498
"5288","gbif5760",-81.820747,9.106234,-81.8172577162513,9.11048841249628,-81.7818114465642,9.10337161911821,4.29172752751239,3.97515475100498,-81.7818114465642,9.10337161911821
"5289","gbif5761",-81.519333,22.09885,NA,NA,NA,NA,NA,NA,-81.519333,22.09885
"5290","gbif5762",-79.409164,21.07115,NA,NA,NA,NA,NA,NA,-79.409164,21.07115
"5291","gbif5763",-81.146202,19.291267,NA,NA,NA,NA,NA,NA,-81.146202,19.291267
"5292","gbif5764",-79.019485,20.846001,NA,NA,NA,NA,NA,NA,-79.019485,20.846001
"5293","gbif5765",-78.002899,25.160101,NA,NA,NA,NA,NA,NA,-78.002899,25.160101
"5294","gbif5766",-80.415115,24.98605,NA,NA,NA,NA,NA,NA,-80.415115,24.98605
"5295","gbif5767",-77.537033,24.097931,-77.5637787323847,24.0913518378895,-77.5143545100944,24.1089292330493,2.60773285796534,5.38905128935586,-77.5143545100944,24.1089292330493
"5296","gbif5768",-81.247231,21.833334,NA,NA,NA,NA,NA,NA,-81.247231,21.833334
"5297","gbif5769",-81.479446,21.969482,NA,NA,NA,NA,NA,NA,-81.479446,21.969482
"5298","gbif577",-86.779433,21.03115,NA,NA,NA,NA,NA,NA,-86.779433,21.03115
"5299","gbif5770",-79.467415,21.079517,NA,NA,NA,NA,NA,NA,-79.467415,21.079517
"5300","gbif5771",-77.683723,24.5448,NA,NA,NA,NA,NA,NA,-77.683723,24.5448
"5301","gbif5772",-66.622665,11.954284,NA,NA,NA,NA,NA,NA,-66.622665,11.954284
"5302","gbif5773",-81.519333,22.09885,NA,NA,NA,NA,NA,NA,-81.519333,22.09885
"5303","gbif5774",-79.558151,21.217699,NA,NA,NA,NA,NA,NA,-79.558151,21.217699
"5304","gbif5775",-74.459999,24.16,NA,NA,NA,NA,NA,NA,-74.459999,24.16
"5305","gbif5776",-66.705765,11.766367,NA,NA,NA,NA,NA,NA,-66.705765,11.766367
"5306","gbif5777",-77.861,24.844999,NA,NA,NA,NA,NA,NA,-77.861,24.844999
"5307","gbif5778",-77.38237,23.709669,NA,NA,NA,NA,NA,NA,-77.38237,23.709669
"5308","gbif5779",-81.430435,21.912434,NA,NA,NA,NA,NA,NA,-81.430435,21.912434
"5309","gbif578",-86.779433,21.03115,NA,NA,NA,NA,NA,NA,-86.779433,21.03115
"5310","gbif5780",-77.861,24.844999,NA,NA,NA,NA,NA,NA,-77.861,24.844999
"5311","gbif5781",-81.425797,21.902267,NA,NA,NA,NA,NA,NA,-81.425797,21.902267
"5312","gbif5782",-64.231499,18.666082,NA,NA,NA,NA,NA,NA,-64.231499,18.666082
"5313","gbif5783",-77.693176,24.6259,NA,NA,NA,NA,NA,NA,-77.693176,24.6259
"5314","gbif5784",-79.145279,22.653334,NA,NA,NA,NA,NA,NA,-79.145279,22.653334
"5315","gbif5785",-77.652779,22.176945,NA,NA,NA,NA,NA,NA,-77.652779,22.176945
"5316","gbif5786",-78.12722,22.4825,NA,NA,NA,NA,NA,NA,-78.12722,22.4825
"5317","gbif5787",-77.419022,23.778219,NA,NA,NA,NA,NA,NA,-77.419022,23.778219
"5318","gbif5788",-78.847954,20.811966,NA,NA,NA,NA,NA,NA,-78.847954,20.811966
"5319","gbif5789",-81.876953,24.452066,NA,NA,NA,NA,NA,NA,-81.876953,24.452066
"5320","gbif579",-86.779433,21.03115,NA,NA,NA,NA,NA,NA,-86.779433,21.03115
"5321","gbif5790",-77.693176,24.6259,NA,NA,NA,NA,NA,NA,-77.693176,24.6259
"5322","gbif5791",-77.693176,24.6259,NA,NA,NA,NA,NA,NA,-77.693176,24.6259
"5323","gbif5792",-74.540001,23.950001,-74.514568224885,23.9755464987032,-74.5804778662715,23.9755464987032,4.99776850253307,6.70769270674922,-74.5804778662715,23.9755464987032
"5324","gbif5793",-88.139999,16.76,NA,NA,NA,NA,NA,NA,-88.139999,16.76
"5325","gbif5794",-77.860977,24.844931,NA,NA,NA,NA,NA,NA,-77.860977,24.844931
"5326","gbif5795",-77.537033,24.097931,-77.5637787323847,24.0913518378895,-77.5143545100944,24.1089292330493,2.60773285796534,5.38905128935586,-77.5143545100944,24.1089292330493
"5327","gbif5796",-77.860977,24.844931,NA,NA,NA,NA,NA,NA,-77.860977,24.844931
"5328","gbif5797",-77.68235,24.367029,NA,NA,NA,NA,NA,NA,-77.68235,24.367029
"5329","gbif5798",-79.290001,21.089817,-79.2924615669568,21.1078177102631,-79.2480088905353,21.1078177102631,4.79668981355737,4.61843747961783,-79.2480088905353,21.1078177102631
"5330","gbif5799",-81.514603,22.036051,NA,NA,NA,NA,NA,NA,-81.514603,22.036051
"5331","gbif58",-91.962194,21.210464,NA,NA,NA,NA,NA,NA,-91.962194,21.210464
"5332","gbif580",-86.7273,21.1992,NA,NA,NA,NA,NA,NA,-86.7273,21.1992
"5333","gbif5800",-83.047997,12.19013,NA,NA,NA,NA,NA,NA,-83.047997,12.19013
"5334","gbif5801",-77.376999,23.696501,NA,NA,NA,NA,NA,NA,-77.376999,23.696501
"5335","gbif5802",-78.280998,20.6061,NA,NA,NA,NA,NA,NA,-78.280998,20.6061
"5336","gbif5803",-79.019485,20.846001,NA,NA,NA,NA,NA,NA,-79.019485,20.846001
"5337","gbif5804",-87.959999,17.889999,NA,NA,NA,NA,NA,NA,-87.959999,17.889999
"5338","gbif5805",-78.034332,25.223921,NA,NA,NA,NA,NA,NA,-78.034332,25.223921
"5339","gbif5806",-82.430786,21.544283,NA,NA,NA,NA,NA,NA,-82.430786,21.544283
"5340","gbif5807",-71.599998,21.299999,NA,NA,NA,NA,NA,NA,-71.599998,21.299999
"5341","gbif5808",-81.92717,21.595783,NA,NA,NA,NA,NA,NA,-81.92717,21.595783
"5342","gbif5809",-78.772301,9.5947,NA,NA,NA,NA,NA,NA,-78.772301,9.5947
"5343","gbif581",-86.7273,21.1992,NA,NA,NA,NA,NA,NA,-86.7273,21.1992
"5344","gbif5810",-79.430214,21.067783,NA,NA,NA,NA,NA,NA,-79.430214,21.067783
"5345","gbif5811",-77.698067,24.439501,NA,NA,NA,NA,NA,NA,-77.698067,24.439501
"5346","gbif5812",-74.550003,23.950001,NA,NA,NA,NA,NA,NA,-74.550003,23.950001
"5347","gbif5813",-77.419022,23.778219,NA,NA,NA,NA,NA,NA,-77.419022,23.778219
"5348","gbif5814",-78.280998,20.6061,NA,NA,NA,NA,NA,NA,-78.280998,20.6061
"5349","gbif5815",-80.218903,25.208883,NA,NA,NA,NA,NA,NA,-80.218903,25.208883
"5350","gbif5816",-77.8563,24.84425,NA,NA,NA,NA,NA,NA,-77.8563,24.84425
"5351","gbif5817",-77.743431,24.69953,-77.7678185908596,24.6926048181617,-77.7143915539915,24.7091515376065,3.12580817886443,5.70867593259974,-77.7143915539915,24.7091515376065
"5352","gbif5818",-80.0728,19.656866,NA,NA,NA,NA,NA,NA,-80.0728,19.656866
"5353","gbif5819",-81.111313,24.625584,NA,NA,NA,NA,NA,NA,-81.111313,24.625584
"5354","gbif582",-86.7273,21.1992,NA,NA,NA,NA,NA,NA,-86.7273,21.1992
"5355","gbif5820",-81.180984,21.784901,NA,NA,NA,NA,NA,NA,-81.180984,21.784901
"5356","gbif5821",-77.983032,25.128851,NA,NA,NA,NA,NA,NA,-77.983032,25.128851
"5357","gbif5822",-81.180984,21.784901,NA,NA,NA,NA,NA,NA,-81.180984,21.784901
"5358","gbif5823",-77.68235,24.367029,NA,NA,NA,NA,NA,NA,-77.68235,24.367029
"5359","gbif5824",-77.983032,25.128851,NA,NA,NA,NA,NA,NA,-77.983032,25.128851
"5360","gbif5825",-77.698067,24.439501,NA,NA,NA,NA,NA,NA,-77.698067,24.439501
"5361","gbif5826",-77.646202,24.29167,NA,NA,NA,NA,NA,NA,-77.646202,24.29167
"5362","gbif5827",-78.680397,20.644234,NA,NA,NA,NA,NA,NA,-78.680397,20.644234
"5363","gbif5828",-77.693176,24.6259,NA,NA,NA,NA,NA,NA,-77.693176,24.6259
"5364","gbif5829",-78.002899,25.160101,NA,NA,NA,NA,NA,NA,-78.002899,25.160101
"5365","gbif583",-86.741566,21.1618,NA,NA,NA,NA,NA,NA,-86.741566,21.1618
"5366","gbif5830",-88.038086,17.35215,NA,NA,NA,NA,NA,NA,-88.038086,17.35215
"5367","gbif5831",-78.002899,25.160101,NA,NA,NA,NA,NA,NA,-78.002899,25.160101
"5368","gbif5832",-79.091263,20.899683,NA,NA,NA,NA,NA,NA,-79.091263,20.899683
"5369","gbif5833",-78.002899,25.160101,NA,NA,NA,NA,NA,NA,-78.002899,25.160101
"5370","gbif5834",-77.68235,24.367029,NA,NA,NA,NA,NA,NA,-77.68235,24.367029
"5371","gbif5835",-78.354134,18.31255,NA,NA,NA,NA,NA,NA,-78.354134,18.31255
"5372","gbif5836",-80.301498,25.11875,NA,NA,NA,NA,NA,NA,-80.301498,25.11875
"5373","gbif5837",-87.815559,18.324881,NA,NA,NA,NA,NA,NA,-87.815559,18.324881
"5374","gbif5838",-80.415115,24.98605,NA,NA,NA,NA,NA,NA,-80.415115,24.98605
"5375","gbif5839",-79.971634,21.677134,NA,NA,NA,NA,NA,NA,-79.971634,21.677134
"5376","gbif584",-86.7273,21.1992,NA,NA,NA,NA,NA,NA,-86.7273,21.1992
"5377","gbif5840",-78.164169,18.1735,NA,NA,NA,NA,NA,NA,-78.164169,18.1735
"5378","gbif5841",-87.410469,18.408817,NA,NA,NA,NA,NA,NA,-87.410469,18.408817
"5379","gbif5842",-79.409164,21.07115,NA,NA,NA,NA,NA,NA,-79.409164,21.07115
"5380","gbif5843",-77.861,24.844999,NA,NA,NA,NA,NA,NA,-77.861,24.844999
"5381","gbif5844",-77.860977,24.844931,NA,NA,NA,NA,NA,NA,-77.860977,24.844931
"5382","gbif5845",-78.085571,25.313219,NA,NA,NA,NA,NA,NA,-78.085571,25.313219
"5383","gbif5846",-79.145279,22.653334,NA,NA,NA,NA,NA,NA,-79.145279,22.653334
"5384","gbif5847",-79.887482,19.679867,NA,NA,NA,NA,NA,NA,-79.887482,19.679867
"5385","gbif5848",-79.019485,20.846001,NA,NA,NA,NA,NA,NA,-79.019485,20.846001
"5386","gbif5849",-77.629173,24.253151,NA,NA,NA,NA,NA,NA,-77.629173,24.253151
"5387","gbif585",-86.744916,21.1498,NA,NA,NA,NA,NA,NA,-86.744916,21.1498
"5388","gbif5850",-77.81665,18.528267,-77.8164774140819,18.5376546061185,-77.8477495832561,18.573545757688,5.99139594779329,5.16534097194102,-77.8477495832561,18.573545757688
"5389","gbif5851",-82.449249,21.543533,NA,NA,NA,NA,NA,NA,-82.449249,21.543533
"5390","gbif5852",-77.670677,24.343149,NA,NA,NA,NA,NA,NA,-77.670677,24.343149
"5391","gbif5853",-78.085571,25.313219,NA,NA,NA,NA,NA,NA,-78.085571,25.313219
"5392","gbif5854",-77.693176,24.6259,NA,NA,NA,NA,NA,NA,-77.693176,24.6259
"5393","gbif5855",-77.426369,23.79092,NA,NA,NA,NA,NA,NA,-77.426369,23.79092
"5394","gbif5856",-87.316513,18.510616,NA,NA,NA,NA,NA,NA,-87.316513,18.510616
"5395","gbif5857",-78.034332,25.223921,NA,NA,NA,NA,NA,NA,-78.034332,25.223921
"5396","gbif5858",-79.145279,22.653334,NA,NA,NA,NA,NA,NA,-79.145279,22.653334
"5397","gbif5859",-78.085571,25.313219,NA,NA,NA,NA,NA,NA,-78.085571,25.313219
"5398","gbif586",-86.779433,21.03115,NA,NA,NA,NA,NA,NA,-86.779433,21.03115
"5399","gbif5860",-76.988503,26.397833,NA,NA,NA,NA,NA,NA,-76.988503,26.397833
"5400","gbif5861",-78.902435,20.772367,NA,NA,NA,NA,NA,NA,-78.902435,20.772367
"5401","gbif5862",-87.426613,18.457966,NA,NA,NA,NA,NA,NA,-87.426613,18.457966
"5402","gbif5863",-79.409164,21.07115,NA,NA,NA,NA,NA,NA,-79.409164,21.07115
"5403","gbif5864",-81.180984,21.784901,NA,NA,NA,NA,NA,NA,-81.180984,21.784901
"5404","gbif5865",-81.425797,21.902267,NA,NA,NA,NA,NA,NA,-81.425797,21.902267
"5405","gbif5866",-77.770172,24.72917,-77.7820188029016,24.7192993682217,-77.7810705686238,24.7758429047796,5.28615131931617,6.2640192548897,-77.7810705686238,24.7758429047796
"5406","gbif5867",-66.705765,11.766367,NA,NA,NA,NA,NA,NA,-66.705765,11.766367
"5407","gbif5868",-79.467415,21.079517,NA,NA,NA,NA,NA,NA,-79.467415,21.079517
"5408","gbif5869",-82.119965,9.26785,-82.1043715701966,9.27078571482599,-82.0485275050935,9.30344572063728,8.78087784501504,7.11993219693636,-82.0485275050935,9.30344572063728
"5409","gbif587",-86.779433,21.03115,NA,NA,NA,NA,NA,NA,-86.779433,21.03115
"5410","gbif5870",-77.983032,25.128851,NA,NA,NA,NA,NA,NA,-77.983032,25.128851
"5411","gbif5871",-81.515869,22.021616,NA,NA,NA,NA,NA,NA,-81.515869,22.021616
"5412","gbif5872",-77.376999,23.696501,NA,NA,NA,NA,NA,NA,-77.376999,23.696501
"5413","gbif5873",-77.858597,24.842171,NA,NA,NA,NA,NA,NA,-77.858597,24.842171
"5414","gbif5874",-81.515869,22.021616,NA,NA,NA,NA,NA,NA,-81.515869,22.021616
"5415","gbif5875",-77.698067,24.439501,NA,NA,NA,NA,NA,NA,-77.698067,24.439501
"5416","gbif5876",-80.301498,25.11875,NA,NA,NA,NA,NA,NA,-80.301498,25.11875
"5417","gbif5877",-71.110466,21.43845,NA,NA,NA,NA,NA,NA,-71.110466,21.43845
"5418","gbif5878",-79.409164,21.07115,NA,NA,NA,NA,NA,NA,-79.409164,21.07115
"5419","gbif5879",-76.959,26.577499,NA,NA,NA,NA,NA,NA,-76.959,26.577499
"5420","gbif588",-86.7273,21.1992,NA,NA,NA,NA,NA,NA,-86.7273,21.1992
"5421","gbif5880",-81.635834,21.580917,NA,NA,NA,NA,NA,NA,-81.635834,21.580917
"5422","gbif5881",-78.002899,25.160101,NA,NA,NA,NA,NA,NA,-78.002899,25.160101
"5423","gbif5882",-87.746132,17.59425,NA,NA,NA,NA,NA,NA,-87.746132,17.59425
"5424","gbif5883",-77.426369,23.79092,NA,NA,NA,NA,NA,NA,-77.426369,23.79092
"5425","gbif5884",-66.884186,11.800233,NA,NA,NA,NA,NA,NA,-66.884186,11.800233
"5426","gbif5885",-77.770172,24.72917,-77.7820188029016,24.7192993682217,-77.7810705686238,24.7758429047796,5.28615131931617,6.2640192548897,-77.7810705686238,24.7758429047796
"5427","gbif5886",-77.68235,24.367029,NA,NA,NA,NA,NA,NA,-77.68235,24.367029
"5428","gbif5887",-87.305977,20.399799,NA,NA,NA,NA,NA,NA,-87.305977,20.399799
"5429","gbif5888",-81.876953,24.452066,NA,NA,NA,NA,NA,NA,-81.876953,24.452066
"5430","gbif5889",-77.419022,23.778219,NA,NA,NA,NA,NA,NA,-77.419022,23.778219
"5431","gbif589",-86.7273,21.1992,NA,NA,NA,NA,NA,NA,-86.7273,21.1992
"5432","gbif5890",-82.768982,21.455,NA,NA,NA,NA,NA,NA,-82.768982,21.455
"5433","gbif5891",-77.8563,24.84425,NA,NA,NA,NA,NA,NA,-77.8563,24.84425
"5434","gbif5892",-76.983284,18.409767,NA,NA,NA,NA,NA,NA,-76.983284,18.409767
"5435","gbif5893",-81.111313,24.625584,NA,NA,NA,NA,NA,NA,-81.111313,24.625584
"5436","gbif5894",-77.698997,24.483999,NA,NA,NA,NA,NA,NA,-77.698997,24.483999
"5437","gbif5895",-79.019485,20.846001,NA,NA,NA,NA,NA,NA,-79.019485,20.846001
"5438","gbif5896",-87.410469,18.408817,NA,NA,NA,NA,NA,NA,-87.410469,18.408817
"5439","gbif5897",-87.746132,17.59425,NA,NA,NA,NA,NA,NA,-87.746132,17.59425
"5440","gbif5898",-81.519333,22.09885,NA,NA,NA,NA,NA,NA,-81.519333,22.09885
"5441","gbif5899",-79.409164,21.07115,NA,NA,NA,NA,NA,NA,-79.409164,21.07115
"5442","gbif59",-91.960194,20.195028,NA,NA,NA,NA,NA,NA,-91.960194,20.195028
"5443","gbif590",-86.7273,21.1992,NA,NA,NA,NA,NA,NA,-86.7273,21.1992
"5444","gbif5900",-79.558151,21.217699,NA,NA,NA,NA,NA,NA,-79.558151,21.217699
"5445","gbif5901",-82.430786,21.544283,NA,NA,NA,NA,NA,NA,-82.430786,21.544283
"5446","gbif5902",-79.199135,20.968517,NA,NA,NA,NA,NA,NA,-79.199135,20.968517
"5447","gbif5903",-74.540001,23.950001,-74.514568224885,23.9755464987032,-74.5804778662715,23.9755464987032,4.99776850253307,6.70769270674922,-74.5804778662715,23.9755464987032
"5448","gbif5904",-77.698067,24.439501,NA,NA,NA,NA,NA,NA,-77.698067,24.439501
"5449","gbif5905",-74.459999,24.16,NA,NA,NA,NA,NA,NA,-74.459999,24.16
"5450","gbif5906",-78.881264,9.56205,NA,NA,NA,NA,NA,NA,-78.881264,9.56205
"5451","gbif5907",-88.139999,16.76,NA,NA,NA,NA,NA,NA,-88.139999,16.76
"5452","gbif5908",-77.770172,24.72917,-77.7820188029016,24.7192993682217,-77.7810705686238,24.7758429047796,5.28615131931617,6.2640192548897,-77.7810705686238,24.7758429047796
"5453","gbif5909",-78.290947,18.219183,NA,NA,NA,NA,NA,NA,-78.290947,18.219183
"5454","gbif591",-86.744916,21.1498,NA,NA,NA,NA,NA,NA,-86.744916,21.1498
"5455","gbif5910",-78.002899,25.160101,NA,NA,NA,NA,NA,NA,-78.002899,25.160101
"5456","gbif5911",-78.034332,25.223921,NA,NA,NA,NA,NA,NA,-78.034332,25.223921
"5457","gbif5912",-77.8563,24.84425,NA,NA,NA,NA,NA,NA,-77.8563,24.84425
"5458","gbif5913",-79.869781,19.682217,NA,NA,NA,NA,NA,NA,-79.869781,19.682217
"5459","gbif5914",-77.698067,24.439501,NA,NA,NA,NA,NA,NA,-77.698067,24.439501
"5460","gbif5915",-87.699867,16.914351,NA,NA,NA,NA,NA,NA,-87.699867,16.914351
"5461","gbif5916",-65.572502,18.377733,NA,NA,NA,NA,NA,NA,-65.572502,18.377733
"5462","gbif5917",-82.03257,9.247033,NA,NA,NA,NA,NA,NA,-82.03257,9.247033
"5463","gbif5918",-81.285583,21.8479,-81.3087079617919,21.8414227491664,-81.2483793295055,21.8414227491664,3.91220459364308,6.23656925870371,-81.2483793295055,21.8414227491664
"5464","gbif5919",-77.770172,24.72917,-77.7820188029016,24.7192993682217,-77.7810705686238,24.7758429047796,5.28615131931617,6.2640192548897,-77.7810705686238,24.7758429047796
"5465","gbif592",-86.779433,21.03115,NA,NA,NA,NA,NA,NA,-86.779433,21.03115
"5466","gbif5920",-78.085571,25.313219,NA,NA,NA,NA,NA,NA,-78.085571,25.313219
"5467","gbif5921",-87.951881,17.342899,NA,NA,NA,NA,NA,NA,-87.951881,17.342899
"5468","gbif5922",-74.449997,24.139999,NA,NA,NA,NA,NA,NA,-74.449997,24.139999
"5469","gbif5923",-65.572502,18.377733,NA,NA,NA,NA,NA,NA,-65.572502,18.377733
"5470","gbif5924",-63.228001,17.649666,-63.2414616532317,17.6398666172657,-63.1783663641415,17.6398666172657,5.37748218152161,6.69554053517968,-63.1783663641415,17.6398666172657
"5471","gbif5925",-77.646202,24.29167,NA,NA,NA,NA,NA,NA,-77.646202,24.29167
"5472","gbif5926",-81.197563,21.804667,NA,NA,NA,NA,NA,NA,-81.197563,21.804667
"5473","gbif5927",-77.537033,24.097931,-77.5637787323847,24.0913518378895,-77.5143545100944,24.1089292330493,2.60773285796534,5.38905128935586,-77.5143545100944,24.1089292330493
"5474","gbif5928",-77.743431,24.69953,-77.7678185908596,24.6926048181617,-77.7143915539915,24.7091515376065,3.12580817886443,5.70867593259974,-77.7143915539915,24.7091515376065
"5475","gbif5929",-77.426369,23.79092,NA,NA,NA,NA,NA,NA,-77.426369,23.79092
"5476","gbif593",-86.744916,21.1498,NA,NA,NA,NA,NA,NA,-86.744916,21.1498
"5477","gbif5930",-77.693176,24.6259,NA,NA,NA,NA,NA,NA,-77.693176,24.6259
"5478","gbif5931",-77.646202,24.29167,NA,NA,NA,NA,NA,NA,-77.646202,24.29167
"5479","gbif5932",-77.65638,24.3069,NA,NA,NA,NA,NA,NA,-77.65638,24.3069
"5480","gbif5933",-77.426369,23.79092,NA,NA,NA,NA,NA,NA,-77.426369,23.79092
"5481","gbif5934",-78.085571,25.313219,NA,NA,NA,NA,NA,NA,-78.085571,25.313219
"5482","gbif5935",-87.316513,18.510616,NA,NA,NA,NA,NA,NA,-87.316513,18.510616
"5483","gbif5936",-87.4375,19.841667,NA,NA,NA,NA,NA,NA,-87.4375,19.841667
"5484","gbif5937",-77.65638,24.3069,NA,NA,NA,NA,NA,NA,-77.65638,24.3069
"5485","gbif5938",-79.145279,22.653334,NA,NA,NA,NA,NA,NA,-79.145279,22.653334
"5486","gbif5939",-81.519333,22.09885,NA,NA,NA,NA,NA,NA,-81.519333,22.09885
"5487","gbif594",-86.7273,21.1992,NA,NA,NA,NA,NA,NA,-86.7273,21.1992
"5488","gbif5940",-81.519333,22.09885,NA,NA,NA,NA,NA,NA,-81.519333,22.09885
"5489","gbif5941",-79.971634,21.677134,NA,NA,NA,NA,NA,NA,-79.971634,21.677134
"5490","gbif5942",-64.231499,18.666082,NA,NA,NA,NA,NA,NA,-64.231499,18.666082
"5491","gbif5943",-77.698067,24.439501,NA,NA,NA,NA,NA,NA,-77.698067,24.439501
"5492","gbif5944",-77.38237,23.709669,NA,NA,NA,NA,NA,NA,-77.38237,23.709669
"5493","gbif5945",-82.324165,9.423317,NA,NA,NA,NA,NA,NA,-82.324165,9.423317
"5494","gbif5946",-77.91893,18.505917,-77.9193917071847,18.5074441847231,-77.9811076125208,18.506854390515,6.56669022114025,6.51741291548042,-77.9811076125208,18.506854390515
"5495","gbif5947",-81.425797,21.902267,NA,NA,NA,NA,NA,NA,-81.425797,21.902267
"5496","gbif5948",-79.290001,21.089817,-79.2924615669568,21.1078177102631,-79.2480088905353,21.1078177102631,4.79668981355737,4.61843747961783,-79.2480088905353,21.1078177102631
"5497","gbif5949",-77.376999,23.696501,NA,NA,NA,NA,NA,NA,-77.376999,23.696501
"5498","gbif595",-86.7273,21.1992,NA,NA,NA,NA,NA,NA,-86.7273,21.1992
"5499","gbif5950",-71.110466,21.43845,NA,NA,NA,NA,NA,NA,-71.110466,21.43845
"5500","gbif5951",-77.419022,23.778219,NA,NA,NA,NA,NA,NA,-77.419022,23.778219
"5501","gbif5952",-87.872429,18.22097,NA,NA,NA,NA,NA,NA,-87.872429,18.22097
"5502","gbif5953",-77.602501,22.024723,NA,NA,NA,NA,NA,NA,-77.602501,22.024723
"5503","gbif5954",-74.470001,24.15,NA,NA,NA,NA,NA,NA,-74.470001,24.15
"5504","gbif5955",-82.449249,21.543533,NA,NA,NA,NA,NA,NA,-82.449249,21.543533
"5505","gbif5956",-66.592453,11.910633,NA,NA,NA,NA,NA,NA,-66.592453,11.910633
"5506","gbif5957",-81.515869,22.021616,NA,NA,NA,NA,NA,NA,-81.515869,22.021616
"5507","gbif5958",-81.425797,21.902267,NA,NA,NA,NA,NA,NA,-81.425797,21.902267
"5508","gbif5959",-81.635834,21.580917,NA,NA,NA,NA,NA,NA,-81.635834,21.580917
"5509","gbif596",-86.779433,21.03115,NA,NA,NA,NA,NA,NA,-86.779433,21.03115
"5510","gbif5960",-77.376999,23.696501,NA,NA,NA,NA,NA,NA,-77.376999,23.696501
"5511","gbif5961",-77.683723,24.5448,NA,NA,NA,NA,NA,NA,-77.683723,24.5448
"5512","gbif5962",-76.977997,26.3535,NA,NA,NA,NA,NA,NA,-76.977997,26.3535
"5513","gbif5963",-77.629173,24.253151,NA,NA,NA,NA,NA,NA,-77.629173,24.253151
"5514","gbif5964",-77.419022,23.778219,NA,NA,NA,NA,NA,NA,-77.419022,23.778219
"5515","gbif5965",-77.807671,24.751329,-77.8110915000961,24.7483862432583,-77.7810705686238,24.7758429047796,3.82252174320534,4.2976284442484,-77.7810705686238,24.7758429047796
"5516","gbif5966",-77.652779,22.176945,NA,NA,NA,NA,NA,NA,-77.652779,22.176945
"5517","gbif5967",-78.034332,25.223921,NA,NA,NA,NA,NA,NA,-78.034332,25.223921
"5518","gbif5968",-81.07473,19.317633,NA,NA,NA,NA,NA,NA,-81.07473,19.317633
"5519","gbif5969",-79.409164,21.07115,NA,NA,NA,NA,NA,NA,-79.409164,21.07115
"5520","gbif597",-86.7273,21.1992,NA,NA,NA,NA,NA,NA,-86.7273,21.1992
"5521","gbif5970",-66.884186,11.800233,NA,NA,NA,NA,NA,NA,-66.884186,11.800233
"5522","gbif5971",-87.452774,19.975,NA,NA,NA,NA,NA,NA,-87.452774,19.975
"5523","gbif5972",-78.085571,25.313219,NA,NA,NA,NA,NA,NA,-78.085571,25.313219
"5524","gbif5973",-82.09893,21.51545,NA,NA,NA,NA,NA,NA,-82.09893,21.51545
"5525","gbif5974",-81.405151,24.546074,NA,NA,NA,NA,NA,NA,-81.405151,24.546074
"5526","gbif5975",-87.287849,18.566816,NA,NA,NA,NA,NA,NA,-87.287849,18.566816
"5527","gbif5976",-87.746132,17.59425,NA,NA,NA,NA,NA,NA,-87.746132,17.59425
"5528","gbif5977",-79.558151,21.217699,NA,NA,NA,NA,NA,NA,-79.558151,21.217699
"5529","gbif5978",-78.354134,18.31255,NA,NA,NA,NA,NA,NA,-78.354134,18.31255
"5530","gbif5979",-88.139999,16.76,NA,NA,NA,NA,NA,NA,-88.139999,16.76
"5531","gbif598",-86.779433,21.03115,NA,NA,NA,NA,NA,NA,-86.779433,21.03115
"5532","gbif5980",-77.602501,22.024723,NA,NA,NA,NA,NA,NA,-77.602501,22.024723
"5533","gbif5981",-81.957298,21.586367,NA,NA,NA,NA,NA,NA,-81.957298,21.586367
"5534","gbif5982",-66.884186,11.800233,NA,NA,NA,NA,NA,NA,-66.884186,11.800233
"5535","gbif5983",-79.207664,20.966749,NA,NA,NA,NA,NA,NA,-79.207664,20.966749
"5536","gbif5984",-78.002899,25.160101,NA,NA,NA,NA,NA,NA,-78.002899,25.160101
"5537","gbif5985",-78.002899,25.160101,NA,NA,NA,NA,NA,NA,-78.002899,25.160101
"5538","gbif5986",-77.629173,24.253151,NA,NA,NA,NA,NA,NA,-77.629173,24.253151
"5539","gbif5987",-81.92717,21.595783,NA,NA,NA,NA,NA,NA,-81.92717,21.595783
"5540","gbif5988",-82.9804,12.31568,NA,NA,NA,NA,NA,NA,-82.9804,12.31568
"5541","gbif5989",-77.426369,23.79092,NA,NA,NA,NA,NA,NA,-77.426369,23.79092
"5542","gbif599",-86.779433,21.03115,NA,NA,NA,NA,NA,NA,-86.779433,21.03115
"5543","gbif5990",-77.983032,25.128851,NA,NA,NA,NA,NA,NA,-77.983032,25.128851
"5544","gbif5991",-78.164169,18.1735,NA,NA,NA,NA,NA,NA,-78.164169,18.1735
"5545","gbif5992",-78.034332,25.223921,NA,NA,NA,NA,NA,NA,-78.034332,25.223921
"5546","gbif5993",-80.301498,25.11875,NA,NA,NA,NA,NA,NA,-80.301498,25.11875
"5547","gbif5994",-83.047997,12.19013,NA,NA,NA,NA,NA,NA,-83.047997,12.19013
"5548","gbif5995",-77.937828,25.063669,-77.9796848016266,25.0642250659524,-77.9144285978885,25.0426083734717,3.31929246221483,7.00663945943426,-77.9144285978885,25.0426083734717
"5549","gbif5996",-77.426369,23.79092,NA,NA,NA,NA,NA,NA,-77.426369,23.79092
"5550","gbif5997",-81.285583,21.8479,-81.3087079617919,21.8414227491664,-81.2483793295055,21.8414227491664,3.91220459364308,6.23656925870371,-81.2483793295055,21.8414227491664
"5551","gbif5998",-77.670677,24.343149,NA,NA,NA,NA,NA,NA,-77.670677,24.343149
"5552","gbif5999",-77.647881,24.3013,NA,NA,NA,NA,NA,NA,-77.647881,24.3013
"5553","gbif6",-82.962169,12.205513,NA,NA,NA,NA,NA,NA,-82.962169,12.205513
"5554","gbif60",-91.961342,20.209181,NA,NA,NA,NA,NA,NA,-91.961342,20.209181
"5555","gbif600",-86.7273,21.1992,NA,NA,NA,NA,NA,NA,-86.7273,21.1992
"5556","gbif6000",-78.885551,9.5436,NA,NA,NA,NA,NA,NA,-78.885551,9.5436
"5557","gbif6001",-81.876953,24.452066,NA,NA,NA,NA,NA,NA,-81.876953,24.452066
"5558","gbif6002",-81.957298,21.586367,NA,NA,NA,NA,NA,NA,-81.957298,21.586367
"5559","gbif6003",-81.425797,21.902267,NA,NA,NA,NA,NA,NA,-81.425797,21.902267
"5560","gbif6004",-76.988503,26.397833,NA,NA,NA,NA,NA,NA,-76.988503,26.397833
"5561","gbif6005",-81.514603,22.036051,NA,NA,NA,NA,NA,NA,-81.514603,22.036051
"5562","gbif6006",-88.080002,16.780001,NA,NA,NA,NA,NA,NA,-88.080002,16.780001
"5563","gbif6007",-77.858597,24.842171,NA,NA,NA,NA,NA,NA,-77.858597,24.842171
"5564","gbif6008",-77.770172,24.72917,-77.7820188029016,24.7192993682217,-77.7810705686238,24.7758429047796,5.28615131931617,6.2640192548897,-77.7810705686238,24.7758429047796
"5565","gbif6009",-77.670677,24.343149,NA,NA,NA,NA,NA,NA,-77.670677,24.343149
"5566","gbif601",-86.7273,21.1992,NA,NA,NA,NA,NA,NA,-86.7273,21.1992
"5567","gbif6010",-87.410469,18.408817,NA,NA,NA,NA,NA,NA,-87.410469,18.408817
"5568","gbif6011",-81.635834,21.580917,NA,NA,NA,NA,NA,NA,-81.635834,21.580917
"5569","gbif6012",-81.681801,21.576967,NA,NA,NA,NA,NA,NA,-81.681801,21.576967
"5570","gbif6013",-77.743431,24.69953,-77.7678185908596,24.6926048181617,-77.7143915539915,24.7091515376065,3.12580817886443,5.70867593259974,-77.7143915539915,24.7091515376065
"5571","gbif6014",-77.670677,24.343149,NA,NA,NA,NA,NA,NA,-77.670677,24.343149
"5572","gbif6015",-77.698067,24.439501,NA,NA,NA,NA,NA,NA,-77.698067,24.439501
"5573","gbif6016",-87.30658,20.396481,NA,NA,NA,NA,NA,NA,-87.30658,20.396481
"5574","gbif6017",-81.519333,22.09885,NA,NA,NA,NA,NA,NA,-81.519333,22.09885
"5575","gbif6018",-79.558151,21.217699,NA,NA,NA,NA,NA,NA,-79.558151,21.217699
"5576","gbif6019",-74.540001,23.950001,-74.514568224885,23.9755464987032,-74.5804778662715,23.9755464987032,4.99776850253307,6.70769270674922,-74.5804778662715,23.9755464987032
"5577","gbif602",-86.779433,21.03115,NA,NA,NA,NA,NA,NA,-86.779433,21.03115
"5578","gbif6020",-78.002899,25.160101,NA,NA,NA,NA,NA,NA,-78.002899,25.160101
"5579","gbif6021",-88.038086,17.35215,NA,NA,NA,NA,NA,NA,-88.038086,17.35215
"5580","gbif6022",-71.599998,21.299999,NA,NA,NA,NA,NA,NA,-71.599998,21.299999
"5581","gbif6023",-87.287849,18.566816,NA,NA,NA,NA,NA,NA,-87.287849,18.566816
"5582","gbif6024",-74.470001,24.15,NA,NA,NA,NA,NA,NA,-74.470001,24.15
"5583","gbif6025",-78.085571,25.313219,NA,NA,NA,NA,NA,NA,-78.085571,25.313219
"5584","gbif6026",-77.691002,24.630671,NA,NA,NA,NA,NA,NA,-77.691002,24.630671
"5585","gbif6027",-81.425797,21.902267,NA,NA,NA,NA,NA,NA,-81.425797,21.902267
"5586","gbif6028",-81.430435,21.912434,NA,NA,NA,NA,NA,NA,-81.430435,21.912434
"5587","gbif6029",-82.324165,9.423317,NA,NA,NA,NA,NA,NA,-82.324165,9.423317
"5588","gbif603",-86.779433,21.03115,NA,NA,NA,NA,NA,NA,-86.779433,21.03115
"5589","gbif6030",-81.405151,24.546074,NA,NA,NA,NA,NA,NA,-81.405151,24.546074
"5590","gbif6031",-77.693176,24.6259,NA,NA,NA,NA,NA,NA,-77.693176,24.6259
"5591","gbif6032",-78.590469,9.47465,NA,NA,NA,NA,NA,NA,-78.590469,9.47465
"5592","gbif6033",-66.689034,11.882234,NA,NA,NA,NA,NA,NA,-66.689034,11.882234
"5593","gbif6034",-82.9804,12.31568,NA,NA,NA,NA,NA,NA,-82.9804,12.31568
"5594","gbif6035",-77.983032,25.128851,NA,NA,NA,NA,NA,NA,-77.983032,25.128851
"5595","gbif6036",-81.247231,21.833334,NA,NA,NA,NA,NA,NA,-81.247231,21.833334
"5596","gbif6037",-79.755836,22.946667,NA,NA,NA,NA,NA,NA,-79.755836,22.946667
"5597","gbif6038",-88.074135,16.72345,NA,NA,NA,NA,NA,NA,-88.074135,16.72345
"5598","gbif6039",-81.876953,24.452066,NA,NA,NA,NA,NA,NA,-81.876953,24.452066
"5599","gbif604",-86.744916,21.1498,NA,NA,NA,NA,NA,NA,-86.744916,21.1498
"5600","gbif6040",-81.876953,24.452066,NA,NA,NA,NA,NA,NA,-81.876953,24.452066
"5601","gbif6041",-77.38237,23.709669,NA,NA,NA,NA,NA,NA,-77.38237,23.709669
"5602","gbif6042",-81.479446,21.969482,NA,NA,NA,NA,NA,NA,-81.479446,21.969482
"5603","gbif6043",-82.371284,21.536434,NA,NA,NA,NA,NA,NA,-82.371284,21.536434
"5604","gbif6044",-80.0728,19.656866,NA,NA,NA,NA,NA,NA,-80.0728,19.656866
"5605","gbif6045",-79.971634,21.677134,NA,NA,NA,NA,NA,NA,-79.971634,21.677134
"5606","gbif6046",-66.580452,11.778517,NA,NA,NA,NA,NA,NA,-66.580452,11.778517
"5607","gbif6047",-77.419022,23.778219,NA,NA,NA,NA,NA,NA,-77.419022,23.778219
"5608","gbif6048",-63.060001,17.995667,NA,NA,NA,NA,NA,NA,-63.060001,17.995667
"5609","gbif6049",-79.091263,20.899683,NA,NA,NA,NA,NA,NA,-79.091263,20.899683
"5610","gbif605",-86.744916,21.1498,NA,NA,NA,NA,NA,NA,-86.744916,21.1498
"5611","gbif6050",-78.002899,25.160101,NA,NA,NA,NA,NA,NA,-78.002899,25.160101
"5612","gbif6051",-77.376999,23.696501,NA,NA,NA,NA,NA,NA,-77.376999,23.696501
"5613","gbif6052",-79.467415,21.079517,NA,NA,NA,NA,NA,NA,-79.467415,21.079517
"5614","gbif6053",-78.280998,20.6061,NA,NA,NA,NA,NA,NA,-78.280998,20.6061
"5615","gbif6054",-76.8032,18.318466,-76.8078125425649,18.3136721753972,-76.7808853491387,18.3067802889959,2.69033842812956,2.94712658400154,-76.7808853491387,18.3067802889959
"5616","gbif6055",-66.622665,11.954284,NA,NA,NA,NA,NA,NA,-66.622665,11.954284
"5617","gbif6056",-78.680397,20.644234,NA,NA,NA,NA,NA,NA,-78.680397,20.644234
"5618","gbif6057",-81.405151,24.546074,NA,NA,NA,NA,NA,NA,-81.405151,24.546074
"5619","gbif6058",-77.629173,24.253151,NA,NA,NA,NA,NA,NA,-77.629173,24.253151
"5620","gbif6059",-88.074135,16.72345,NA,NA,NA,NA,NA,NA,-88.074135,16.72345
"5621","gbif606",-86.744916,21.1498,NA,NA,NA,NA,NA,NA,-86.744916,21.1498
"5622","gbif6060",-66.580452,11.778517,NA,NA,NA,NA,NA,NA,-66.580452,11.778517
"5623","gbif6061",-77.38237,23.709669,NA,NA,NA,NA,NA,NA,-77.38237,23.709669
"5624","gbif6062",-78.991066,20.833683,NA,NA,NA,NA,NA,NA,-78.991066,20.833683
"5625","gbif6063",-81.247231,21.833334,NA,NA,NA,NA,NA,NA,-81.247231,21.833334
"5626","gbif6064",-78.12722,22.4825,NA,NA,NA,NA,NA,NA,-78.12722,22.4825
"5627","gbif6065",-65.572502,18.377733,NA,NA,NA,NA,NA,NA,-65.572502,18.377733
"5628","gbif6066",-77.65638,24.3069,NA,NA,NA,NA,NA,NA,-77.65638,24.3069
"5629","gbif6067",-81.957298,21.586367,NA,NA,NA,NA,NA,NA,-81.957298,21.586367
"5630","gbif6068",-81.92717,21.595783,NA,NA,NA,NA,NA,NA,-81.92717,21.595783
"5631","gbif6069",-66.884186,11.800233,NA,NA,NA,NA,NA,NA,-66.884186,11.800233
"5632","gbif607",-86.741566,21.1618,NA,NA,NA,NA,NA,NA,-86.741566,21.1618
"5633","gbif6070",-77.860977,24.844931,NA,NA,NA,NA,NA,NA,-77.860977,24.844931
"5634","gbif6071",-81.92717,21.595783,NA,NA,NA,NA,NA,NA,-81.92717,21.595783
"5635","gbif6072",-76.287369,18.073833,-76.288387782843,18.0734837289975,-76.24745323208,18.1067061874768,5.57580626439327,5.68289900217628,-76.24745323208,18.1067061874768
"5636","gbif6073",-78.002899,25.160101,NA,NA,NA,NA,NA,NA,-78.002899,25.160101
"5637","gbif6074",-77.646202,24.29167,NA,NA,NA,NA,NA,NA,-77.646202,24.29167
"5638","gbif6075",-77.691002,24.630671,NA,NA,NA,NA,NA,NA,-77.691002,24.630671
"5639","gbif6076",-79.887482,19.679867,NA,NA,NA,NA,NA,NA,-79.887482,19.679867
"5640","gbif6077",-78.012581,18.457783,-78.0136067522523,18.4667927133692,-77.9811076125208,18.506854390515,6.36787866263645,5.6073773036097,-77.9811076125208,18.506854390515
"5641","gbif6078",-79.103485,20.901316,NA,NA,NA,NA,NA,NA,-79.103485,20.901316
"5642","gbif6079",-79.103485,20.901316,NA,NA,NA,NA,NA,NA,-79.103485,20.901316
"5643","gbif608",-86.744916,21.1498,NA,NA,NA,NA,NA,NA,-86.744916,21.1498
"5644","gbif6080",-79.430214,21.067783,NA,NA,NA,NA,NA,NA,-79.430214,21.067783
"5645","gbif6081",-82.317146,21.562784,NA,NA,NA,NA,NA,NA,-82.317146,21.562784
"5646","gbif6082",-77.860977,24.844931,NA,NA,NA,NA,NA,NA,-77.860977,24.844931
"5647","gbif6083",-77.38237,23.709669,NA,NA,NA,NA,NA,NA,-77.38237,23.709669
"5648","gbif6084",-77.807716,24.774349,-77.8237235889751,24.7610184835926,-77.7810705686238,24.7758429047796,2.69981166057824,4.61582272947461,-77.7810705686238,24.7758429047796
"5649","gbif6085",-77.8563,24.84425,NA,NA,NA,NA,NA,NA,-77.8563,24.84425
"5650","gbif6086",-78.002899,25.160101,NA,NA,NA,NA,NA,NA,-78.002899,25.160101
"5651","gbif6087",-78.847954,20.811966,NA,NA,NA,NA,NA,NA,-78.847954,20.811966
"5652","gbif6088",-81.285583,21.8479,-81.3087079617919,21.8414227491664,-81.2483793295055,21.8414227491664,3.91220459364308,6.23656925870371,-81.2483793295055,21.8414227491664
"5653","gbif6089",-77.698997,24.483999,NA,NA,NA,NA,NA,NA,-77.698997,24.483999
"5654","gbif609",-86.779433,21.03115,NA,NA,NA,NA,NA,NA,-86.779433,21.03115
"5655","gbif6090",-81.417519,21.891001,NA,NA,NA,NA,NA,NA,-81.417519,21.891001
"5656","gbif6091",-78.728081,9.488684,NA,NA,NA,NA,NA,NA,-78.728081,9.488684
"5657","gbif6092",-77.38237,23.709669,NA,NA,NA,NA,NA,NA,-77.38237,23.709669
"5658","gbif6093",-80.964996,23.293055,NA,NA,NA,NA,NA,NA,-80.964996,23.293055
"5659","gbif6094",-81.430435,21.912434,NA,NA,NA,NA,NA,NA,-81.430435,21.912434
"5660","gbif6095",-79.558151,21.217699,NA,NA,NA,NA,NA,NA,-79.558151,21.217699
"5661","gbif6096",-66.723,11.881133,NA,NA,NA,NA,NA,NA,-66.723,11.881133
"5662","gbif6097",-88.080002,16.780001,NA,NA,NA,NA,NA,NA,-88.080002,16.780001
"5663","gbif6098",-79.019485,20.846001,NA,NA,NA,NA,NA,NA,-79.019485,20.846001
"5664","gbif6099",-66.592453,11.910633,NA,NA,NA,NA,NA,NA,-66.592453,11.910633
"5665","gbif61",-91.959389,20.204806,NA,NA,NA,NA,NA,NA,-91.959389,20.204806
"5666","gbif610",-86.744916,21.1498,NA,NA,NA,NA,NA,NA,-86.744916,21.1498
"5667","gbif6100",-81.46685,21.960484,NA,NA,NA,NA,NA,NA,-81.46685,21.960484
"5668","gbif6101",-79.409164,21.07115,NA,NA,NA,NA,NA,NA,-79.409164,21.07115
"5669","gbif6102",-77.698997,24.483999,NA,NA,NA,NA,NA,NA,-77.698997,24.483999
"5670","gbif6103",-74.470001,24.15,NA,NA,NA,NA,NA,NA,-74.470001,24.15
"5671","gbif6104",-87.953697,17.355267,NA,NA,NA,NA,NA,NA,-87.953697,17.355267
"5672","gbif6105",-71.113632,21.4589,NA,NA,NA,NA,NA,NA,-71.113632,21.4589
"5673","gbif6106",-87.744049,17.59375,NA,NA,NA,NA,NA,NA,-87.744049,17.59375
"5674","gbif6107",-77.8563,24.84425,NA,NA,NA,NA,NA,NA,-77.8563,24.84425
"5675","gbif6108",-77.8563,24.84425,NA,NA,NA,NA,NA,NA,-77.8563,24.84425
"5676","gbif6109",-81.635834,21.580917,NA,NA,NA,NA,NA,NA,-81.635834,21.580917
"5677","gbif611",-86.7273,21.1992,NA,NA,NA,NA,NA,NA,-86.7273,21.1992
"5678","gbif6110",-81.515869,22.021616,NA,NA,NA,NA,NA,NA,-81.515869,22.021616
"5679","gbif6111",-77.691002,24.630671,NA,NA,NA,NA,NA,NA,-77.691002,24.630671
"5680","gbif6112",-77.693176,24.6259,NA,NA,NA,NA,NA,NA,-77.693176,24.6259
"5681","gbif6113",-78.085571,25.313219,NA,NA,NA,NA,NA,NA,-78.085571,25.313219
"5682","gbif6114",-81.519333,22.09885,NA,NA,NA,NA,NA,NA,-81.519333,22.09885
"5683","gbif6115",-79.430214,21.067783,NA,NA,NA,NA,NA,NA,-79.430214,21.067783
"5684","gbif6116",-77.683723,24.5448,NA,NA,NA,NA,NA,NA,-77.683723,24.5448
"5685","gbif6117",-78.002899,25.160101,NA,NA,NA,NA,NA,NA,-78.002899,25.160101
"5686","gbif6118",-79.019485,20.846001,NA,NA,NA,NA,NA,NA,-79.019485,20.846001
"5687","gbif6119",-81.285583,21.8479,-81.3087079617919,21.8414227491664,-81.2483793295055,21.8414227491664,3.91220459364308,6.23656925870371,-81.2483793295055,21.8414227491664
"5688","gbif612",-86.7273,21.1992,NA,NA,NA,NA,NA,NA,-86.7273,21.1992
"5689","gbif6120",-81.957298,21.586367,NA,NA,NA,NA,NA,NA,-81.957298,21.586367
"5690","gbif6121",-87.935013,17.385883,NA,NA,NA,NA,NA,NA,-87.935013,17.385883
"5691","gbif6122",-81.425797,21.902267,NA,NA,NA,NA,NA,NA,-81.425797,21.902267
"5692","gbif6123",-82.317146,21.562784,NA,NA,NA,NA,NA,NA,-82.317146,21.562784
"5693","gbif6124",-79.103485,20.901316,NA,NA,NA,NA,NA,NA,-79.103485,20.901316
"5694","gbif6125",-63.224998,17.615,-63.2450453787738,17.6330317877107,-63.2450453787738,17.5731752500926,5.09463047937072,6.62464809148556,-63.2450453787738,17.5731752500926
"5695","gbif6126",-81.425797,21.902267,NA,NA,NA,NA,NA,NA,-81.425797,21.902267
"5696","gbif6127",-87.746132,17.59425,NA,NA,NA,NA,NA,NA,-87.746132,17.59425
"5697","gbif6128",-77.376999,23.696501,NA,NA,NA,NA,NA,NA,-77.376999,23.696501
"5698","gbif6129",-77.629173,24.253151,NA,NA,NA,NA,NA,NA,-77.629173,24.253151
"5699","gbif613",-86.744916,21.1498,NA,NA,NA,NA,NA,NA,-86.744916,21.1498
"5700","gbif6130",-78.280998,20.6061,NA,NA,NA,NA,NA,NA,-78.280998,20.6061
"5701","gbif6131",-82.338165,21.551767,NA,NA,NA,NA,NA,NA,-82.338165,21.551767
"5702","gbif6132",-77.646202,24.29167,NA,NA,NA,NA,NA,NA,-77.646202,24.29167
"5703","gbif6133",-79.409164,21.07115,NA,NA,NA,NA,NA,NA,-79.409164,21.07115
"5704","gbif6134",-66.723,11.881133,NA,NA,NA,NA,NA,NA,-66.723,11.881133
"5705","gbif6135",-77.954216,18.456583,-77.9685925354795,18.4778245691165,-77.9685925354795,18.4778245691165,2.79885007420087,0,-77.9685925354795,18.4778245691165
"5706","gbif6136",-77.8563,24.84425,NA,NA,NA,NA,NA,NA,-77.8563,24.84425
"5707","gbif6137",-77.683723,24.5448,NA,NA,NA,NA,NA,NA,-77.683723,24.5448
"5708","gbif6138",-77.670677,24.343149,NA,NA,NA,NA,NA,NA,-77.670677,24.343149
"5709","gbif6139",-66.884186,11.800233,NA,NA,NA,NA,NA,NA,-66.884186,11.800233
"5710","gbif614",-86.744916,21.1498,NA,NA,NA,NA,NA,NA,-86.744916,21.1498
"5711","gbif6140",-77.537033,24.097931,-77.5637787323847,24.0913518378895,-77.5143545100944,24.1089292330493,2.60773285796534,5.38905128935586,-77.5143545100944,24.1089292330493
"5712","gbif6141",-82.430786,21.544283,NA,NA,NA,NA,NA,NA,-82.430786,21.544283
"5713","gbif6142",-78.847954,20.811966,NA,NA,NA,NA,NA,NA,-78.847954,20.811966
"5714","gbif6143",-77.937828,25.063669,-77.9796848016266,25.0642250659524,-77.9144285978885,25.0426083734717,3.31929246221483,7.00663945943426,-77.9144285978885,25.0426083734717
"5715","gbif6144",-81.285583,21.8479,-81.3087079617919,21.8414227491664,-81.2483793295055,21.8414227491664,3.91220459364308,6.23656925870371,-81.2483793295055,21.8414227491664
"5716","gbif6145",-78.034332,25.223921,NA,NA,NA,NA,NA,NA,-78.034332,25.223921
"5717","gbif6146",-71.599998,21.299999,NA,NA,NA,NA,NA,NA,-71.599998,21.299999
"5718","gbif6147",-77.683723,24.5448,NA,NA,NA,NA,NA,NA,-77.683723,24.5448
"5719","gbif6148",-77.698997,24.483999,NA,NA,NA,NA,NA,NA,-77.698997,24.483999
"5720","gbif6149",-77.38237,23.709669,NA,NA,NA,NA,NA,NA,-77.38237,23.709669
"5721","gbif615",-86.7273,21.1992,NA,NA,NA,NA,NA,NA,-86.7273,21.1992
"5722","gbif6150",-78.034332,25.223921,NA,NA,NA,NA,NA,NA,-78.034332,25.223921
"5723","gbif6151",-78.034332,25.223921,NA,NA,NA,NA,NA,NA,-78.034332,25.223921
"5724","gbif6152",-79.971634,21.677134,NA,NA,NA,NA,NA,NA,-79.971634,21.677134
"5725","gbif6153",-77.376999,23.696501,NA,NA,NA,NA,NA,NA,-77.376999,23.696501
"5726","gbif6154",-78.034332,25.223921,NA,NA,NA,NA,NA,NA,-78.034332,25.223921
"5727","gbif6155",-87.832901,18.235001,NA,NA,NA,NA,NA,NA,-87.832901,18.235001
"5728","gbif6156",-82.430786,21.544283,NA,NA,NA,NA,NA,NA,-82.430786,21.544283
"5729","gbif6157",-65.264786,18.338383,-65.2898684941656,18.3067802889959,-65.245415817744,18.3067802889959,4.05315173588614,4.69955400013281,-65.245415817744,18.3067802889959
"5730","gbif6158",-77.426369,23.79092,NA,NA,NA,NA,NA,NA,-77.426369,23.79092
"5731","gbif6159",-81.92717,21.595783,NA,NA,NA,NA,NA,NA,-81.92717,21.595783
"5732","gbif616",-86.7273,21.1992,NA,NA,NA,NA,NA,NA,-86.7273,21.1992
"5733","gbif6160",-77.698067,24.439501,NA,NA,NA,NA,NA,NA,-77.698067,24.439501
"5734","gbif6161",-77.937828,25.063669,-77.9796848016266,25.0642250659524,-77.9144285978885,25.0426083734717,3.31929246221483,7.00663945943426,-77.9144285978885,25.0426083734717
"5735","gbif6162",-77.693176,24.6259,NA,NA,NA,NA,NA,NA,-77.693176,24.6259
"5736","gbif6163",-81.180984,21.784901,NA,NA,NA,NA,NA,NA,-81.180984,21.784901
"5737","gbif6164",-82.702919,21.481417,NA,NA,NA,NA,NA,NA,-82.702919,21.481417
"5738","gbif6165",-66.689034,11.882234,NA,NA,NA,NA,NA,NA,-66.689034,11.882234
"5739","gbif6166",-77.983032,25.128851,NA,NA,NA,NA,NA,NA,-77.983032,25.128851
"5740","gbif6167",-80.415115,24.98605,NA,NA,NA,NA,NA,NA,-80.415115,24.98605
"5741","gbif6168",-81.515869,22.021616,NA,NA,NA,NA,NA,NA,-81.515869,22.021616
"5742","gbif6169",-77.647881,24.3013,NA,NA,NA,NA,NA,NA,-77.647881,24.3013
"5743","gbif617",-86.741566,21.1618,NA,NA,NA,NA,NA,NA,-86.741566,21.1618
"5744","gbif6170",-79.409164,21.07115,NA,NA,NA,NA,NA,NA,-79.409164,21.07115
"5745","gbif6171",-77.426369,23.79092,NA,NA,NA,NA,NA,NA,-77.426369,23.79092
"5746","gbif6172",-80.348152,25.034967,NA,NA,NA,NA,NA,NA,-80.348152,25.034967
"5747","gbif6173",-77.861,24.844999,NA,NA,NA,NA,NA,NA,-77.861,24.844999
"5748","gbif6174",-65.572502,18.377733,NA,NA,NA,NA,NA,NA,-65.572502,18.377733
"5749","gbif6175",-77.65638,24.3069,NA,NA,NA,NA,NA,NA,-77.65638,24.3069
"5750","gbif6176",-81.285583,21.8479,-81.3087079617919,21.8414227491664,-81.2483793295055,21.8414227491664,3.91220459364308,6.23656925870371,-81.2483793295055,21.8414227491664
"5751","gbif6177",-77.937828,25.063669,-77.9796848016266,25.0642250659524,-77.9144285978885,25.0426083734717,3.31929246221483,7.00663945943426,-77.9144285978885,25.0426083734717
"5752","gbif6178",-77.861,24.844999,NA,NA,NA,NA,NA,NA,-77.861,24.844999
"5753","gbif6179",-80.022903,19.830517,NA,NA,NA,NA,NA,NA,-80.022903,19.830517
"5754","gbif618",-86.7273,21.1992,NA,NA,NA,NA,NA,NA,-86.7273,21.1992
"5755","gbif6180",-79.467415,21.079517,NA,NA,NA,NA,NA,NA,-79.467415,21.079517
"5756","gbif6181",-77.983032,25.128851,NA,NA,NA,NA,NA,NA,-77.983032,25.128851
"5757","gbif6182",-82.304085,21.560801,NA,NA,NA,NA,NA,NA,-82.304085,21.560801
"5758","gbif6183",-64.231499,18.666082,NA,NA,NA,NA,NA,NA,-64.231499,18.666082
"5759","gbif6184",-79.199135,20.968517,NA,NA,NA,NA,NA,NA,-79.199135,20.968517
"5760","gbif6185",-77.38237,23.709669,NA,NA,NA,NA,NA,NA,-77.38237,23.709669
"5761","gbif6186",-66.723,11.881133,NA,NA,NA,NA,NA,NA,-66.723,11.881133
"5762","gbif6187",-77.537033,24.097931,-77.5637787323847,24.0913518378895,-77.5143545100944,24.1089292330493,2.60773285796534,5.38905128935586,-77.5143545100944,24.1089292330493
"5763","gbif6188",-83.047997,12.19013,NA,NA,NA,NA,NA,NA,-83.047997,12.19013
"5764","gbif6189",-77.426369,23.79092,NA,NA,NA,NA,NA,NA,-77.426369,23.79092
"5765","gbif619",-86.741566,21.1618,NA,NA,NA,NA,NA,NA,-86.741566,21.1618
"5766","gbif6190",-81.405151,24.546074,NA,NA,NA,NA,NA,NA,-81.405151,24.546074
"5767","gbif6191",-77.698997,24.483999,NA,NA,NA,NA,NA,NA,-77.698997,24.483999
"5768","gbif6192",-77.647881,24.3013,NA,NA,NA,NA,NA,NA,-77.647881,24.3013
"5769","gbif6193",-87.302979,20.402189,NA,NA,NA,NA,NA,NA,-87.302979,20.402189
"5770","gbif6194",-81.425797,21.902267,NA,NA,NA,NA,NA,NA,-81.425797,21.902267
"5771","gbif6195",-79.207664,20.966749,NA,NA,NA,NA,NA,NA,-79.207664,20.966749
"5772","gbif6196",-81.957298,21.586367,NA,NA,NA,NA,NA,NA,-81.957298,21.586367
"5773","gbif6197",-80.415115,24.98605,NA,NA,NA,NA,NA,NA,-80.415115,24.98605
"5774","gbif6198",-77.91893,18.505917,-77.9193917071847,18.5074441847231,-77.9811076125208,18.506854390515,6.56669022114025,6.51741291548042,-77.9811076125208,18.506854390515
"5775","gbif6199",-66.723,11.881133,NA,NA,NA,NA,NA,NA,-66.723,11.881133
"5776","gbif62",-91.398305,22.114083,NA,NA,NA,NA,NA,NA,-91.398305,22.114083
"5777","gbif620",-86.74145,21.14015,NA,NA,NA,NA,NA,NA,-86.74145,21.14015
"5778","gbif6200",-82.430786,21.544283,NA,NA,NA,NA,NA,NA,-82.430786,21.544283
"5779","gbif6201",-78.847954,20.811966,NA,NA,NA,NA,NA,NA,-78.847954,20.811966
"5780","gbif6202",-77.698997,24.483999,NA,NA,NA,NA,NA,NA,-77.698997,24.483999
"5781","gbif6203",-76.946167,26.540333,NA,NA,NA,NA,NA,NA,-76.946167,26.540333
"5782","gbif6204",-78.693054,22.626667,NA,NA,NA,NA,NA,NA,-78.693054,22.626667
"5783","gbif6205",-77.983032,25.128851,NA,NA,NA,NA,NA,NA,-77.983032,25.128851
"5784","gbif6206",-77.647881,24.3013,NA,NA,NA,NA,NA,NA,-77.647881,24.3013
"5785","gbif6207",-82.317146,21.562784,NA,NA,NA,NA,NA,NA,-82.317146,21.562784
"5786","gbif6208",-78.12722,22.4825,NA,NA,NA,NA,NA,NA,-78.12722,22.4825
"5787","gbif6209",-77.770172,24.72917,-77.7820188029016,24.7192993682217,-77.7810705686238,24.7758429047796,5.28615131931617,6.2640192548897,-77.7810705686238,24.7758429047796
"5788","gbif621",-86.779433,21.03115,NA,NA,NA,NA,NA,NA,-86.779433,21.03115
"5789","gbif6210",-81.957298,21.586367,NA,NA,NA,NA,NA,NA,-81.957298,21.586367
"5790","gbif6211",-77.38237,23.709669,NA,NA,NA,NA,NA,NA,-77.38237,23.709669
"5791","gbif6212",-66.622665,11.954284,NA,NA,NA,NA,NA,NA,-66.622665,11.954284
"5792","gbif6213",-79.091263,20.899683,NA,NA,NA,NA,NA,NA,-79.091263,20.899683
"5793","gbif6214",-77.65638,24.3069,NA,NA,NA,NA,NA,NA,-77.65638,24.3069
"5794","gbif6215",-65.264786,18.338383,-65.2898684941656,18.3067802889959,-65.245415817744,18.3067802889959,4.05315173588614,4.69955400013281,-65.245415817744,18.3067802889959
"5795","gbif6216",-74.540001,23.950001,-74.514568224885,23.9755464987032,-74.5804778662715,23.9755464987032,4.99776850253307,6.70769270674922,-74.5804778662715,23.9755464987032
"5796","gbif6217",-77.647881,24.3013,NA,NA,NA,NA,NA,NA,-77.647881,24.3013
"5797","gbif6218",-77.670677,24.343149,NA,NA,NA,NA,NA,NA,-77.670677,24.343149
"5798","gbif6219",-74.449997,24.139999,NA,NA,NA,NA,NA,NA,-74.449997,24.139999
"5799","gbif622",-86.744916,21.1498,NA,NA,NA,NA,NA,NA,-86.744916,21.1498
"5800","gbif6220",-77.770172,24.72917,-77.7820188029016,24.7192993682217,-77.7810705686238,24.7758429047796,5.28615131931617,6.2640192548897,-77.7810705686238,24.7758429047796
"5801","gbif6221",-77.419022,23.778219,NA,NA,NA,NA,NA,NA,-77.419022,23.778219
"5802","gbif6222",-77.465553,21.843334,-77.5131530864073,21.8414227491664,-77.4476754954621,21.8414227491664,1.86018058112082,6.76885112230064,-77.4476754954621,21.8414227491664
"5803","gbif6223",-87.699867,16.914351,NA,NA,NA,NA,NA,NA,-87.699867,16.914351
"5804","gbif6224",-81.479446,21.969482,NA,NA,NA,NA,NA,NA,-81.479446,21.969482
"5805","gbif6225",-77.698997,24.483999,NA,NA,NA,NA,NA,NA,-77.698997,24.483999
"5806","gbif6226",-77.68235,24.367029,NA,NA,NA,NA,NA,NA,-77.68235,24.367029
"5807","gbif6227",-78.034332,25.223921,NA,NA,NA,NA,NA,NA,-78.034332,25.223921
"5808","gbif6228",-87.953697,17.355267,NA,NA,NA,NA,NA,NA,-87.953697,17.355267
"5809","gbif6229",-88.038086,17.35215,NA,NA,NA,NA,NA,NA,-88.038086,17.35215
"5810","gbif623",-86.779433,21.03115,NA,NA,NA,NA,NA,NA,-86.779433,21.03115
"5811","gbif6230",-77.770172,24.72917,-77.7820188029016,24.7192993682217,-77.7810705686238,24.7758429047796,5.28615131931617,6.2640192548897,-77.7810705686238,24.7758429047796
"5812","gbif6231",-74.459999,24.139999,NA,NA,NA,NA,NA,NA,-74.459999,24.139999
"5813","gbif6232",-87.980034,16.528667,NA,NA,NA,NA,NA,NA,-87.980034,16.528667
"5814","gbif6233",-78.902435,20.772367,NA,NA,NA,NA,NA,NA,-78.902435,20.772367
"5815","gbif6234",-82.969398,12.29546,NA,NA,NA,NA,NA,NA,-82.969398,12.29546
"5816","gbif6235",-76.988503,26.397833,NA,NA,NA,NA,NA,NA,-76.988503,26.397833
"5817","gbif6236",-77.646202,24.29167,NA,NA,NA,NA,NA,NA,-77.646202,24.29167
"5818","gbif6237",-81.46685,21.960484,NA,NA,NA,NA,NA,NA,-81.46685,21.960484
"5819","gbif6238",-82.338165,21.551767,NA,NA,NA,NA,NA,NA,-82.338165,21.551767
"5820","gbif6239",-82.338165,21.551767,NA,NA,NA,NA,NA,NA,-82.338165,21.551767
"5821","gbif624",-86.741566,21.1618,NA,NA,NA,NA,NA,NA,-86.741566,21.1618
"5822","gbif6240",-81.519333,22.09885,NA,NA,NA,NA,NA,NA,-81.519333,22.09885
"5823","gbif6241",-87.831665,18.219166,NA,NA,NA,NA,NA,NA,-87.831665,18.219166
"5824","gbif6242",-66.723,11.881133,NA,NA,NA,NA,NA,NA,-66.723,11.881133
"5825","gbif6243",-77.38237,23.709669,NA,NA,NA,NA,NA,NA,-77.38237,23.709669
"5826","gbif6244",-82.119965,9.26785,-82.1043715701966,9.27078571482599,-82.0485275050935,9.30344572063728,8.78087784501504,7.11993219693636,-82.0485275050935,9.30344572063728
"5827","gbif6245",-78.991066,20.833683,NA,NA,NA,NA,NA,NA,-78.991066,20.833683
"5828","gbif6246",-66.884186,11.800233,NA,NA,NA,NA,NA,NA,-66.884186,11.800233
"5829","gbif6247",-77.38237,23.709669,NA,NA,NA,NA,NA,NA,-77.38237,23.709669
"5830","gbif6248",-81.92717,21.595783,NA,NA,NA,NA,NA,NA,-81.92717,21.595783
"5831","gbif6249",-78.902435,20.772367,NA,NA,NA,NA,NA,NA,-78.902435,20.772367
"5832","gbif625",-86.7273,21.1992,NA,NA,NA,NA,NA,NA,-86.7273,21.1992
"5833","gbif6250",-81.430435,21.912434,NA,NA,NA,NA,NA,NA,-81.430435,21.912434
"5834","gbif6251",-78.002899,25.160101,NA,NA,NA,NA,NA,NA,-78.002899,25.160101
"5835","gbif6252",-78.349724,22.540277,-78.360665080428,22.5083364208966,-78.3145026856825,22.5083364208966,5.0636035630231,4.74965479207132,-78.3145026856825,22.5083364208966
"5836","gbif6253",-79.103485,20.901316,NA,NA,NA,NA,NA,NA,-79.103485,20.901316
"5837","gbif6254",-77.983032,25.128851,NA,NA,NA,NA,NA,NA,-77.983032,25.128851
"5838","gbif6255",-66.884186,11.800233,NA,NA,NA,NA,NA,NA,-66.884186,11.800233
"5839","gbif6256",-81.077934,19.343901,NA,NA,NA,NA,NA,NA,-81.077934,19.343901
"5840","gbif6257",-81.285583,21.8479,-81.3087079617919,21.8414227491664,-81.2483793295055,21.8414227491664,3.91220459364308,6.23656925870371,-81.2483793295055,21.8414227491664
"5841","gbif6258",-77.670677,24.343149,NA,NA,NA,NA,NA,NA,-77.670677,24.343149
"5842","gbif6259",-87.740898,17.570784,NA,NA,NA,NA,NA,NA,-87.740898,17.570784
"5843","gbif626",-86.744916,21.1498,NA,NA,NA,NA,NA,NA,-86.744916,21.1498
"5844","gbif6260",-77.683723,24.5448,NA,NA,NA,NA,NA,NA,-77.683723,24.5448
"5845","gbif6261",-78.991066,20.833683,NA,NA,NA,NA,NA,NA,-78.991066,20.833683
"5846","gbif6262",-74.480003,24.16,NA,NA,NA,NA,NA,NA,-74.480003,24.16
"5847","gbif6263",-77.807671,24.751329,-77.8110915000961,24.7483862432583,-77.7810705686238,24.7758429047796,3.82252174320534,4.2976284442484,-77.7810705686238,24.7758429047796
"5848","gbif6264",-79.103485,20.901316,NA,NA,NA,NA,NA,NA,-79.103485,20.901316
"5849","gbif6265",-77.861,24.844999,NA,NA,NA,NA,NA,NA,-77.861,24.844999
"5850","gbif6266",-79.944298,21.666683,NA,NA,NA,NA,NA,NA,-79.944298,21.666683
"5851","gbif6267",-81.077934,19.343901,NA,NA,NA,NA,NA,NA,-81.077934,19.343901
"5852","gbif6268",-87.951881,17.342899,NA,NA,NA,NA,NA,NA,-87.951881,17.342899
"5853","gbif6269",-77.426369,23.79092,NA,NA,NA,NA,NA,NA,-77.426369,23.79092
"5854","gbif627",-86.779433,21.03115,NA,NA,NA,NA,NA,NA,-86.779433,21.03115
"5855","gbif6270",-78.991066,20.833683,NA,NA,NA,NA,NA,NA,-78.991066,20.833683
"5856","gbif6271",-77.647881,24.3013,NA,NA,NA,NA,NA,NA,-77.647881,24.3013
"5857","gbif6272",-81.417519,21.891001,NA,NA,NA,NA,NA,NA,-81.417519,21.891001
"5858","gbif6273",-74.540001,23.950001,-74.514568224885,23.9755464987032,-74.5804778662715,23.9755464987032,4.99776850253307,6.70769270674922,-74.5804778662715,23.9755464987032
"5859","gbif6274",-81.180984,21.784901,NA,NA,NA,NA,NA,NA,-81.180984,21.784901
"5860","gbif6275",-66.723,11.881133,NA,NA,NA,NA,NA,NA,-66.723,11.881133
"5861","gbif6276",-77.743431,24.69953,-77.7678185908596,24.6926048181617,-77.7143915539915,24.7091515376065,3.12580817886443,5.70867593259974,-77.7143915539915,24.7091515376065
"5862","gbif6277",-79.409164,21.07115,NA,NA,NA,NA,NA,NA,-79.409164,21.07115
"5863","gbif6278",-65.314964,18.338083,-65.3120948323764,18.3112263801408,-65.3120948323764,18.373471656169,3.92868076660646,6.88955059508306,-65.3120948323764,18.373471656169
"5864","gbif6279",-77.937828,25.063669,-77.9796848016266,25.0642250659524,-77.9144285978885,25.0426083734717,3.31929246221483,7.00663945943426,-77.9144285978885,25.0426083734717
"5865","gbif628",-86.779433,21.03115,NA,NA,NA,NA,NA,NA,-86.779433,21.03115
"5866","gbif6280",-77.419022,23.778219,NA,NA,NA,NA,NA,NA,-77.419022,23.778219
"5867","gbif6281",-77.647881,24.3013,NA,NA,NA,NA,NA,NA,-77.647881,24.3013
"5868","gbif6282",-82.317146,21.562784,NA,NA,NA,NA,NA,NA,-82.317146,21.562784
"5869","gbif6283",-77.537033,24.097931,-77.5637787323847,24.0913518378895,-77.5143545100944,24.1089292330493,2.60773285796534,5.38905128935586,-77.5143545100944,24.1089292330493
"5870","gbif6284",-77.860977,24.844931,NA,NA,NA,NA,NA,NA,-77.860977,24.844931
"5871","gbif6285",-74.480003,24.16,NA,NA,NA,NA,NA,NA,-74.480003,24.16
"5872","gbif6286",-81.430435,21.912434,NA,NA,NA,NA,NA,NA,-81.430435,21.912434
"5873","gbif6287",-81.285583,21.8479,-81.3087079617919,21.8414227491664,-81.2483793295055,21.8414227491664,3.91220459364308,6.23656925870371,-81.2483793295055,21.8414227491664
"5874","gbif6288",-78.991066,20.833683,NA,NA,NA,NA,NA,NA,-78.991066,20.833683
"5875","gbif6289",-77.983032,25.128851,NA,NA,NA,NA,NA,NA,-77.983032,25.128851
"5876","gbif629",-86.7273,21.1992,NA,NA,NA,NA,NA,NA,-86.7273,21.1992
"5877","gbif6290",-77.647881,24.3013,NA,NA,NA,NA,NA,NA,-77.647881,24.3013
"5878","gbif6291",-81.405151,24.546074,NA,NA,NA,NA,NA,NA,-81.405151,24.546074
"5879","gbif6292",-78.085571,25.313219,NA,NA,NA,NA,NA,NA,-78.085571,25.313219
"5880","gbif6293",-82.805,9.738334,NA,NA,NA,NA,NA,NA,-82.805,9.738334
"5881","gbif6294",-78.034332,25.223921,NA,NA,NA,NA,NA,NA,-78.034332,25.223921
"5882","gbif6295",-81.514603,22.036051,NA,NA,NA,NA,NA,NA,-81.514603,22.036051
"5883","gbif6296",-81.425797,21.902267,NA,NA,NA,NA,NA,NA,-81.425797,21.902267
"5884","gbif6297",-78.847954,20.811966,NA,NA,NA,NA,NA,NA,-78.847954,20.811966
"5885","gbif6298",-71.599998,21.299999,NA,NA,NA,NA,NA,NA,-71.599998,21.299999
"5886","gbif6299",-78.034332,25.223921,NA,NA,NA,NA,NA,NA,-78.034332,25.223921
"5887","gbif63",-91.403739,22.118678,NA,NA,NA,NA,NA,NA,-91.403739,22.118678
"5888","gbif630",-86.741566,21.1618,NA,NA,NA,NA,NA,NA,-86.741566,21.1618
"5889","gbif6300",-78.164169,18.1735,NA,NA,NA,NA,NA,NA,-78.164169,18.1735
"5890","gbif6301",-77.937828,25.063669,-77.9796848016266,25.0642250659524,-77.9144285978885,25.0426083734717,3.31929246221483,7.00663945943426,-77.9144285978885,25.0426083734717
"5891","gbif6302",-78.034332,25.223921,NA,NA,NA,NA,NA,NA,-78.034332,25.223921
"5892","gbif6303",-81.405151,24.546074,NA,NA,NA,NA,NA,NA,-81.405151,24.546074
"5893","gbif6304",-77.698997,24.483999,NA,NA,NA,NA,NA,NA,-77.698997,24.483999
"5894","gbif6305",-77.65638,24.3069,NA,NA,NA,NA,NA,NA,-77.65638,24.3069
"5895","gbif6306",-80.212776,23.151112,NA,NA,NA,NA,NA,NA,-80.212776,23.151112
"5896","gbif6307",-78.354134,18.31255,NA,NA,NA,NA,NA,NA,-78.354134,18.31255
"5897","gbif6308",-77.419022,23.778219,NA,NA,NA,NA,NA,NA,-77.419022,23.778219
"5898","gbif6309",-79.7304,19.754351,NA,NA,NA,NA,NA,NA,-79.7304,19.754351
"5899","gbif631",-86.741566,21.1618,NA,NA,NA,NA,NA,NA,-86.741566,21.1618
"5900","gbif6310",-81.515869,22.021616,NA,NA,NA,NA,NA,NA,-81.515869,22.021616
"5901","gbif6311",-77.683723,24.5448,NA,NA,NA,NA,NA,NA,-77.683723,24.5448
"5902","gbif6312",-77.683723,24.5448,NA,NA,NA,NA,NA,NA,-77.683723,24.5448
"5903","gbif6313",-77.65638,24.3069,NA,NA,NA,NA,NA,NA,-77.65638,24.3069
"5904","gbif6314",-77.983032,25.128851,NA,NA,NA,NA,NA,NA,-77.983032,25.128851
"5905","gbif6315",-78.034332,25.223921,NA,NA,NA,NA,NA,NA,-78.034332,25.223921
"5906","gbif6316",-77.698067,24.439501,NA,NA,NA,NA,NA,NA,-77.698067,24.439501
"5907","gbif6317",-66.895233,11.792334,NA,NA,NA,NA,NA,NA,-66.895233,11.792334
"5908","gbif6318",-77.698067,24.439501,NA,NA,NA,NA,NA,NA,-77.698067,24.439501
"5909","gbif6319",-77.683723,24.5448,NA,NA,NA,NA,NA,NA,-77.683723,24.5448
"5910","gbif632",-86.779433,21.03115,NA,NA,NA,NA,NA,NA,-86.779433,21.03115
"5911","gbif6320",-77.647881,24.3013,NA,NA,NA,NA,NA,NA,-77.647881,24.3013
"5912","gbif6321",-81.479446,21.969482,NA,NA,NA,NA,NA,NA,-81.479446,21.969482
"5913","gbif6322",-79.103485,20.901316,NA,NA,NA,NA,NA,NA,-79.103485,20.901316
"5914","gbif6323",-81.519333,22.09885,NA,NA,NA,NA,NA,NA,-81.519333,22.09885
"5915","gbif6324",-79.430214,21.067783,NA,NA,NA,NA,NA,NA,-79.430214,21.067783
"5916","gbif6325",-77.376999,23.696501,NA,NA,NA,NA,NA,NA,-77.376999,23.696501
"5917","gbif6326",-77.698067,24.439501,NA,NA,NA,NA,NA,NA,-77.698067,24.439501
"5918","gbif6327",-81.180984,21.784901,NA,NA,NA,NA,NA,NA,-81.180984,21.784901
"5919","gbif6328",-77.983032,25.128851,NA,NA,NA,NA,NA,NA,-77.983032,25.128851
"5920","gbif6329",-77.38237,23.709669,NA,NA,NA,NA,NA,NA,-77.38237,23.709669
"5921","gbif633",-86.741566,21.1618,NA,NA,NA,NA,NA,NA,-86.741566,21.1618
"5922","gbif6330",-87.882385,16.740784,NA,NA,NA,NA,NA,NA,-87.882385,16.740784
"5923","gbif6331",-81.967514,21.570801,NA,NA,NA,NA,NA,NA,-81.967514,21.570801
"5924","gbif6332",-81.397018,21.885084,NA,NA,NA,NA,NA,NA,-81.397018,21.885084
"5925","gbif6333",-77.807716,24.774349,-77.8237235889751,24.7610184835926,-77.7810705686238,24.7758429047796,2.69981166057824,4.61582272947461,-77.7810705686238,24.7758429047796
"5926","gbif6334",-77.698067,24.439501,NA,NA,NA,NA,NA,NA,-77.698067,24.439501
"5927","gbif6335",-77.65638,24.3069,NA,NA,NA,NA,NA,NA,-77.65638,24.3069
"5928","gbif6336",-81.111313,24.625584,NA,NA,NA,NA,NA,NA,-81.111313,24.625584
"5929","gbif6337",-82.449249,21.543533,NA,NA,NA,NA,NA,NA,-82.449249,21.543533
"5930","gbif6338",-77.419022,23.778219,NA,NA,NA,NA,NA,NA,-77.419022,23.778219
"5931","gbif6339",-78.002899,25.160101,NA,NA,NA,NA,NA,NA,-78.002899,25.160101
"5932","gbif634",-86.7273,21.1992,NA,NA,NA,NA,NA,NA,-86.7273,21.1992
"5933","gbif6340",-79.467415,21.079517,NA,NA,NA,NA,NA,NA,-79.467415,21.079517
"5934","gbif6341",-81.515869,22.021616,NA,NA,NA,NA,NA,NA,-81.515869,22.021616
"5935","gbif6342",-87.746132,17.59425,NA,NA,NA,NA,NA,NA,-87.746132,17.59425
"5936","gbif6343",-87.316513,18.510616,NA,NA,NA,NA,NA,NA,-87.316513,18.510616
"5937","gbif6344",-78.847954,20.811966,NA,NA,NA,NA,NA,NA,-78.847954,20.811966
"5938","gbif6345",-80.348152,25.034967,NA,NA,NA,NA,NA,NA,-80.348152,25.034967
"5939","gbif6346",-87.980034,16.528667,NA,NA,NA,NA,NA,NA,-87.980034,16.528667
"5940","gbif6347",-77.698067,24.439501,NA,NA,NA,NA,NA,NA,-77.698067,24.439501
"5941","gbif6348",-83.173683,21.591467,NA,NA,NA,NA,NA,NA,-83.173683,21.591467
"5942","gbif6349",-77.38237,23.709669,NA,NA,NA,NA,NA,NA,-77.38237,23.709669
"5943","gbif635",-86.744916,21.1498,NA,NA,NA,NA,NA,NA,-86.744916,21.1498
"5944","gbif6350",-81.515869,22.021616,NA,NA,NA,NA,NA,NA,-81.515869,22.021616
"5945","gbif6351",-79.467415,21.079517,NA,NA,NA,NA,NA,NA,-79.467415,21.079517
"5946","gbif6352",-87.882385,16.740784,NA,NA,NA,NA,NA,NA,-87.882385,16.740784
"5947","gbif6353",-77.68235,24.367029,NA,NA,NA,NA,NA,NA,-77.68235,24.367029
"5948","gbif6354",-77.698997,24.483999,NA,NA,NA,NA,NA,NA,-77.698997,24.483999
"5949","gbif6355",-88.139999,16.76,NA,NA,NA,NA,NA,NA,-88.139999,16.76
"5950","gbif6356",-77.693176,24.6259,NA,NA,NA,NA,NA,NA,-77.693176,24.6259
"5951","gbif6357",-77.65638,24.3069,NA,NA,NA,NA,NA,NA,-77.65638,24.3069
"5952","gbif6358",-79.467415,21.079517,NA,NA,NA,NA,NA,NA,-79.467415,21.079517
"5953","gbif6359",-74.480003,24.17,NA,NA,NA,NA,NA,NA,-74.480003,24.17
"5954","gbif636",-86.779433,21.03115,NA,NA,NA,NA,NA,NA,-86.779433,21.03115
"5955","gbif6360",-77.807671,24.751329,-77.8110915000961,24.7483862432583,-77.7810705686238,24.7758429047796,3.82252174320534,4.2976284442484,-77.7810705686238,24.7758429047796
"5956","gbif6361",-79.558151,21.217699,NA,NA,NA,NA,NA,NA,-79.558151,21.217699
"5957","gbif6362",-82.805,9.738334,NA,NA,NA,NA,NA,NA,-82.805,9.738334
"5958","gbif6363",-82.304085,21.560801,NA,NA,NA,NA,NA,NA,-82.304085,21.560801
"5959","gbif6364",-78.034332,25.223921,NA,NA,NA,NA,NA,NA,-78.034332,25.223921
"5960","gbif6365",-77.861,24.844999,NA,NA,NA,NA,NA,NA,-77.861,24.844999
"5961","gbif6366",-87.746132,17.59425,NA,NA,NA,NA,NA,NA,-87.746132,17.59425
"5962","gbif6367",-81.519333,22.09885,NA,NA,NA,NA,NA,NA,-81.519333,22.09885
"5963","gbif6368",-77.91893,18.505917,-77.9193917071847,18.5074441847231,-77.9811076125208,18.506854390515,6.56669022114025,6.51741291548042,-77.9811076125208,18.506854390515
"5964","gbif6369",-71.113632,21.4589,NA,NA,NA,NA,NA,NA,-71.113632,21.4589
"5965","gbif637",-86.744916,21.1498,NA,NA,NA,NA,NA,NA,-86.744916,21.1498
"5966","gbif6370",-81.430435,21.912434,NA,NA,NA,NA,NA,NA,-81.430435,21.912434
"5967","gbif6371",-78.034332,25.223921,NA,NA,NA,NA,NA,NA,-78.034332,25.223921
"5968","gbif6372",-71.110466,21.43845,NA,NA,NA,NA,NA,NA,-71.110466,21.43845
"5969","gbif6373",-74.480003,24.17,NA,NA,NA,NA,NA,NA,-74.480003,24.17
"5970","gbif6374",-78.085571,25.313219,NA,NA,NA,NA,NA,NA,-78.085571,25.313219
"5971","gbif6375",-77.91893,18.505917,-77.9193917071847,18.5074441847231,-77.9811076125208,18.506854390515,6.56669022114025,6.51741291548042,-77.9811076125208,18.506854390515
"5972","gbif6376",-81.197563,21.804667,NA,NA,NA,NA,NA,NA,-81.197563,21.804667
"5973","gbif6377",-87.959999,17.889999,NA,NA,NA,NA,NA,NA,-87.959999,17.889999
"5974","gbif6378",-77.983032,25.128851,NA,NA,NA,NA,NA,NA,-77.983032,25.128851
"5975","gbif6379",-87.882385,16.740784,NA,NA,NA,NA,NA,NA,-87.882385,16.740784
"5976","gbif638",-86.779433,21.03115,NA,NA,NA,NA,NA,NA,-86.779433,21.03115
"5977","gbif6380",-80.259315,25.1408,NA,NA,NA,NA,NA,NA,-80.259315,25.1408
"5978","gbif6381",-78.002899,25.160101,NA,NA,NA,NA,NA,NA,-78.002899,25.160101
"5979","gbif6382",-82.304085,21.560801,NA,NA,NA,NA,NA,NA,-82.304085,21.560801
"5980","gbif6383",-64.231499,18.666082,NA,NA,NA,NA,NA,NA,-64.231499,18.666082
"5981","gbif6384",-77.670677,24.343149,NA,NA,NA,NA,NA,NA,-77.670677,24.343149
"5982","gbif6385",-63.215,17.630833,-63.2414616532317,17.6398666172657,-63.1783663641415,17.6398666172657,4.01408315294959,6.69554053517968,-63.1783663641415,17.6398666172657
"5983","gbif6386",-78.034332,25.223921,NA,NA,NA,NA,NA,NA,-78.034332,25.223921
"5984","gbif6387",-81.822517,9.107567,-81.8189797717767,9.1118850475027,-81.7818114465642,9.10337161911821,4.49859028343895,4.19283034563314,-81.7818114465642,9.10337161911821
"5985","gbif6388",-81.635834,21.580917,NA,NA,NA,NA,NA,NA,-81.635834,21.580917
"5986","gbif6389",-79.558151,21.217699,NA,NA,NA,NA,NA,NA,-79.558151,21.217699
"5987","gbif639",-86.7273,21.1992,NA,NA,NA,NA,NA,NA,-86.7273,21.1992
"5988","gbif6390",-78.034332,25.223921,NA,NA,NA,NA,NA,NA,-78.034332,25.223921
"5989","gbif6391",-79.091263,20.899683,NA,NA,NA,NA,NA,NA,-79.091263,20.899683
"5990","gbif6392",-81.417519,21.891001,NA,NA,NA,NA,NA,NA,-81.417519,21.891001
"5991","gbif6393",-79.430214,21.067783,NA,NA,NA,NA,NA,NA,-79.430214,21.067783
"5992","gbif6394",-77.65638,24.3069,NA,NA,NA,NA,NA,NA,-77.65638,24.3069
"5993","gbif6395",-78.002899,25.160101,NA,NA,NA,NA,NA,NA,-78.002899,25.160101
"5994","gbif6396",-77.646202,24.29167,NA,NA,NA,NA,NA,NA,-77.646202,24.29167
"5995","gbif6397",-77.647881,24.3013,NA,NA,NA,NA,NA,NA,-77.647881,24.3013
"5996","gbif6398",-77.646202,24.29167,NA,NA,NA,NA,NA,NA,-77.646202,24.29167
"5997","gbif6399",-78.902435,20.772367,NA,NA,NA,NA,NA,NA,-78.902435,20.772367
"5998","gbif64",-91.962194,21.210464,NA,NA,NA,NA,NA,NA,-91.962194,21.210464
"5999","gbif640",-86.7273,21.1992,NA,NA,NA,NA,NA,NA,-86.7273,21.1992
"6000","gbif6400",-78.034332,25.223921,NA,NA,NA,NA,NA,NA,-78.034332,25.223921
"6001","gbif6401",-79.430214,21.067783,NA,NA,NA,NA,NA,NA,-79.430214,21.067783
"6002","gbif6402",-77.358131,18.463051,-77.3596514970282,18.4802240407351,-77.3596514970282,18.4802240407351,1.90757714924747,0,-77.3596514970282,18.4802240407351
"6003","gbif6403",-81.197563,21.804667,NA,NA,NA,NA,NA,NA,-81.197563,21.804667
"6004","gbif6404",-82.449249,21.543533,NA,NA,NA,NA,NA,NA,-82.449249,21.543533
"6005","gbif6405",-82.969398,12.29153,NA,NA,NA,NA,NA,NA,-82.969398,12.29153
"6006","gbif6406",-77.983032,25.128851,NA,NA,NA,NA,NA,NA,-77.983032,25.128851
"6007","gbif6407",-77.646202,24.29167,NA,NA,NA,NA,NA,NA,-77.646202,24.29167
"6008","gbif6408",-79.207664,20.966749,NA,NA,NA,NA,NA,NA,-79.207664,20.966749
"6009","gbif6409",-81.077934,19.343901,NA,NA,NA,NA,NA,NA,-81.077934,19.343901
"6010","gbif641",-86.847528,20.883166,NA,NA,NA,NA,NA,NA,-86.847528,20.883166
"6011","gbif6410",-78.280998,20.6061,NA,NA,NA,NA,NA,NA,-78.280998,20.6061
"6012","gbif6411",-81.180984,21.784901,NA,NA,NA,NA,NA,NA,-81.180984,21.784901
"6013","gbif6412",-77.860977,24.844931,NA,NA,NA,NA,NA,NA,-77.860977,24.844931
"6014","gbif6413",-81.076599,19.333366,NA,NA,NA,NA,NA,NA,-81.076599,19.333366
"6015","gbif6414",-79.103485,20.901316,NA,NA,NA,NA,NA,NA,-79.103485,20.901316
"6016","gbif6415",-74.540001,23.950001,-74.514568224885,23.9755464987032,-74.5804778662715,23.9755464987032,4.99776850253307,6.70769270674922,-74.5804778662715,23.9755464987032
"6017","gbif6416",-77.68235,24.367029,NA,NA,NA,NA,NA,NA,-77.68235,24.367029
"6018","gbif6417",-77.858597,24.842171,NA,NA,NA,NA,NA,NA,-77.858597,24.842171
"6019","gbif6418",-77.38237,23.709669,NA,NA,NA,NA,NA,NA,-77.38237,23.709669
"6020","gbif6419",-77.629173,24.253151,NA,NA,NA,NA,NA,NA,-77.629173,24.253151
"6021","gbif642",-86.850528,20.88075,NA,NA,NA,NA,NA,NA,-86.850528,20.88075
"6022","gbif6420",-81.197563,21.804667,NA,NA,NA,NA,NA,NA,-81.197563,21.804667
"6023","gbif6421",-77.629173,24.253151,NA,NA,NA,NA,NA,NA,-77.629173,24.253151
"6024","gbif6422",-76.456932,18.191151,-76.4572595168103,18.1903139212627,-76.447490275977,18.2400889218229,5.50786590709841,5.60528829931112,-76.447490275977,18.2400889218229
"6025","gbif6423",-77.937828,25.063669,-77.9796848016266,25.0642250659524,-77.9144285978885,25.0426083734717,3.31929246221483,7.00663945943426,-77.9144285978885,25.0426083734717
"6026","gbif6424",-87.4375,19.841667,NA,NA,NA,NA,NA,NA,-87.4375,19.841667
"6027","gbif6425",-79.755836,22.946667,NA,NA,NA,NA,NA,NA,-79.755836,22.946667
"6028","gbif6426",-77.698067,24.439501,NA,NA,NA,NA,NA,NA,-77.698067,24.439501
"6029","gbif6427",-77.937828,25.063669,-77.9796848016266,25.0642250659524,-77.9144285978885,25.0426083734717,3.31929246221483,7.00663945943426,-77.9144285978885,25.0426083734717
"6030","gbif6428",-77.419022,23.778219,NA,NA,NA,NA,NA,NA,-77.419022,23.778219
"6031","gbif6429",-74.470001,24.15,NA,NA,NA,NA,NA,NA,-74.470001,24.15
"6032","gbif643",-86.812666,20.966333,-86.8468820864093,20.9764677210103,-86.7827375439896,20.974434975917,3.23897536290082,6.67402218221926,-86.7827375439896,20.974434975917
"6033","gbif6430",-78.034332,25.223921,NA,NA,NA,NA,NA,NA,-78.034332,25.223921
"6034","gbif6431",-66.622665,11.954284,NA,NA,NA,NA,NA,NA,-66.622665,11.954284
"6035","gbif6432",-78.680397,20.644234,NA,NA,NA,NA,NA,NA,-78.680397,20.644234
"6036","gbif6433",-77.693176,24.6259,NA,NA,NA,NA,NA,NA,-77.693176,24.6259
"6037","gbif6434",-77.770172,24.72917,-77.7820188029016,24.7192993682217,-77.7810705686238,24.7758429047796,5.28615131931617,6.2640192548897,-77.7810705686238,24.7758429047796
"6038","gbif6435",-77.646202,24.29167,NA,NA,NA,NA,NA,NA,-77.646202,24.29167
"6039","gbif6436",-77.602501,22.024723,NA,NA,NA,NA,NA,NA,-77.602501,22.024723
"6040","gbif6437",-79.207664,20.966749,NA,NA,NA,NA,NA,NA,-79.207664,20.966749
"6041","gbif6438",-78.085571,25.313219,NA,NA,NA,NA,NA,NA,-78.085571,25.313219
"6042","gbif6439",-79.409164,21.07115,NA,NA,NA,NA,NA,NA,-79.409164,21.07115
"6043","gbif644",-81.8589,24.4545,NA,NA,NA,NA,NA,NA,-81.8589,24.4545
"6044","gbif6440",-81.92717,21.595783,NA,NA,NA,NA,NA,NA,-81.92717,21.595783
"6045","gbif6441",-77.770172,24.72917,-77.7820188029016,24.7192993682217,-77.7810705686238,24.7758429047796,5.28615131931617,6.2640192548897,-77.7810705686238,24.7758429047796
"6046","gbif6442",-77.426369,23.79092,NA,NA,NA,NA,NA,NA,-77.426369,23.79092
"6047","gbif6443",-77.426369,23.79092,NA,NA,NA,NA,NA,NA,-77.426369,23.79092
"6048","gbif6444",-96.068336,19.197222,NA,NA,NA,NA,NA,NA,-96.068336,19.197222
"6049","gbif6445",-76.988503,26.397833,NA,NA,NA,NA,NA,NA,-76.988503,26.397833
"6050","gbif6446",-79.019485,20.846001,NA,NA,NA,NA,NA,NA,-79.019485,20.846001
"6051","gbif6447",-79.558151,21.217699,NA,NA,NA,NA,NA,NA,-79.558151,21.217699
"6052","gbif6448",-77.807671,24.751329,-77.8110915000961,24.7483862432583,-77.7810705686238,24.7758429047796,3.82252174320534,4.2976284442484,-77.7810705686238,24.7758429047796
"6053","gbif6449",-87.426613,18.457966,NA,NA,NA,NA,NA,NA,-87.426613,18.457966
"6054","gbif645",-80.2105,25.2201,NA,NA,NA,NA,NA,NA,-80.2105,25.2201
"6055","gbif6450",-77.68235,24.367029,NA,NA,NA,NA,NA,NA,-77.68235,24.367029
"6056","gbif6451",-77.376999,23.696501,NA,NA,NA,NA,NA,NA,-77.376999,23.696501
"6057","gbif6452",-87.313454,18.770166,NA,NA,NA,NA,NA,NA,-87.313454,18.770166
"6058","gbif6453",-78.354134,18.31255,NA,NA,NA,NA,NA,NA,-78.354134,18.31255
"6059","gbif6454",-78.036499,9.5165,NA,NA,NA,NA,NA,NA,-78.036499,9.5165
"6060","gbif6455",-87.410469,18.408817,NA,NA,NA,NA,NA,NA,-87.410469,18.408817
"6061","gbif6456",-77.101433,18.414867,NA,NA,NA,NA,NA,NA,-77.101433,18.414867
"6062","gbif6457",-79.145279,22.653334,NA,NA,NA,NA,NA,NA,-79.145279,22.653334
"6063","gbif6458",-81.425797,21.902267,NA,NA,NA,NA,NA,NA,-81.425797,21.902267
"6064","gbif6459",-87.951881,17.342899,NA,NA,NA,NA,NA,NA,-87.951881,17.342899
"6065","gbif646",-81.7176,24.4796,NA,NA,NA,NA,NA,NA,-81.7176,24.4796
"6066","gbif6460",-78.847954,20.811966,NA,NA,NA,NA,NA,NA,-78.847954,20.811966
"6067","gbif6461",-77.770172,24.72917,-77.7820188029016,24.7192993682217,-77.7810705686238,24.7758429047796,5.28615131931617,6.2640192548897,-77.7810705686238,24.7758429047796
"6068","gbif6462",-77.38237,23.709669,NA,NA,NA,NA,NA,NA,-77.38237,23.709669
"6069","gbif6463",-71.110466,21.43845,NA,NA,NA,NA,NA,NA,-71.110466,21.43845
"6070","gbif6464",-81.077934,19.343901,NA,NA,NA,NA,NA,NA,-81.077934,19.343901
"6071","gbif6465",-79.290001,21.089817,-79.2924615669568,21.1078177102631,-79.2480088905353,21.1078177102631,4.79668981355737,4.61843747961783,-79.2480088905353,21.1078177102631
"6072","gbif6466",-77.743431,24.69953,-77.7678185908596,24.6926048181617,-77.7143915539915,24.7091515376065,3.12580817886443,5.70867593259974,-77.7143915539915,24.7091515376065
"6073","gbif6467",-77.91893,18.505917,-77.9193917071847,18.5074441847231,-77.9811076125208,18.506854390515,6.56669022114025,6.51741291548042,-77.9811076125208,18.506854390515
"6074","gbif6468",-77.691002,24.630671,NA,NA,NA,NA,NA,NA,-77.691002,24.630671
"6075","gbif6469",-87.333969,18.753532,NA,NA,NA,NA,NA,NA,-87.333969,18.753532
"6076","gbif647",-80.3068,25.1075,NA,NA,NA,NA,NA,NA,-80.3068,25.1075
"6077","gbif6470",-81.247231,21.833334,NA,NA,NA,NA,NA,NA,-81.247231,21.833334
"6078","gbif6471",-81.180984,21.784901,NA,NA,NA,NA,NA,NA,-81.180984,21.784901
"6079","gbif6472",-77.629173,24.253151,NA,NA,NA,NA,NA,NA,-77.629173,24.253151
"6080","gbif6473",-77.858597,24.842171,NA,NA,NA,NA,NA,NA,-77.858597,24.842171
"6081","gbif6474",-87.951881,17.342899,NA,NA,NA,NA,NA,NA,-87.951881,17.342899
"6082","gbif6475",-78.002899,25.160101,NA,NA,NA,NA,NA,NA,-78.002899,25.160101
"6083","gbif6476",-87.740898,17.570784,NA,NA,NA,NA,NA,NA,-87.740898,17.570784
"6084","gbif6477",-66.723,11.881133,NA,NA,NA,NA,NA,NA,-66.723,11.881133
"6085","gbif6478",-79.409164,21.07115,NA,NA,NA,NA,NA,NA,-79.409164,21.07115
"6086","gbif6479",-78.126945,18.465834,-78.1256766267009,18.4502618987128,-78.1144656417855,18.506854390515,4.72777728810956,6.37489148415,-78.1144656417855,18.506854390515
"6087","gbif648",-81.8775,24.452,NA,NA,NA,NA,NA,NA,-81.8775,24.452
"6088","gbif6480",-81.105301,19.292749,NA,NA,NA,NA,NA,NA,-81.105301,19.292749
"6089","gbif6481",-78.991066,20.833683,NA,NA,NA,NA,NA,NA,-78.991066,20.833683
"6090","gbif6482",-77.38237,23.709669,NA,NA,NA,NA,NA,NA,-77.38237,23.709669
"6091","gbif6483",-77.652779,22.176945,NA,NA,NA,NA,NA,NA,-77.652779,22.176945
"6092","gbif6484",-78.034332,25.223921,NA,NA,NA,NA,NA,NA,-78.034332,25.223921
"6093","gbif6485",-80.348152,25.034967,NA,NA,NA,NA,NA,NA,-80.348152,25.034967
"6094","gbif6486",-81.585899,21.585649,NA,NA,NA,NA,NA,NA,-81.585899,21.585649
"6095","gbif6487",-66.723,11.881133,NA,NA,NA,NA,NA,NA,-66.723,11.881133
"6096","gbif6488",-82.065933,9.272767,-82.103263513904,9.26535743003132,-82.0485275050935,9.23675435346425,4.41842005211074,6.79569046701186,-82.0485275050935,9.23675435346425
"6097","gbif6489",-78.991066,20.833683,NA,NA,NA,NA,NA,NA,-78.991066,20.833683
"6098","gbif649",-80.784,24.7972,NA,NA,NA,NA,NA,NA,-80.784,24.7972
"6099","gbif6490",-79.755836,22.946667,NA,NA,NA,NA,NA,NA,-79.755836,22.946667
"6100","gbif6491",-65.264786,18.338383,-65.2898684941656,18.3067802889959,-65.245415817744,18.3067802889959,4.05315173588614,4.69955400013281,-65.245415817744,18.3067802889959
"6101","gbif6492",-81.425797,21.902267,NA,NA,NA,NA,NA,NA,-81.425797,21.902267
"6102","gbif6493",-77.91893,18.505917,-77.9193917071847,18.5074441847231,-77.9811076125208,18.506854390515,6.56669022114025,6.51741291548042,-77.9811076125208,18.506854390515
"6103","gbif6494",-88.038086,17.35215,NA,NA,NA,NA,NA,NA,-88.038086,17.35215
"6104","gbif6495",-66.580452,11.778517,NA,NA,NA,NA,NA,NA,-66.580452,11.778517
"6105","gbif6496",-71.113632,21.4589,NA,NA,NA,NA,NA,NA,-71.113632,21.4589
"6106","gbif6497",-79.287949,21.084616,-79.2924615669568,21.1078177102631,-79.2480088905353,21.1078177102631,4.88064440697303,4.61843747961783,-79.2480088905353,21.1078177102631
"6107","gbif6498",-79.584999,22.833611,NA,NA,NA,NA,NA,NA,-79.584999,22.833611
"6108","gbif6499",-77.65638,24.3069,NA,NA,NA,NA,NA,NA,-77.65638,24.3069
"6109","gbif65",-91.960194,20.195028,NA,NA,NA,NA,NA,NA,-91.960194,20.195028
"6110","gbif650",-81.8775,24.452,NA,NA,NA,NA,NA,NA,-81.8775,24.452
"6111","gbif6500",-81.105301,19.292749,NA,NA,NA,NA,NA,NA,-81.105301,19.292749
"6112","gbif6501",-87.59272,17.171867,-87.5831535067851,17.1730270470545,-87.64956473421,17.1730270470545,6.04896026377854,7.0653358927959,-87.64956473421,17.1730270470545
"6113","gbif6502",-77.693176,24.6259,NA,NA,NA,NA,NA,NA,-77.693176,24.6259
"6114","gbif6503",-77.426369,23.79092,NA,NA,NA,NA,NA,NA,-77.426369,23.79092
"6115","gbif6504",-71.599998,21.299999,NA,NA,NA,NA,NA,NA,-71.599998,21.299999
"6116","gbif6505",-82.782753,21.451134,NA,NA,NA,NA,NA,NA,-82.782753,21.451134
"6117","gbif6506",-77.38237,23.709669,NA,NA,NA,NA,NA,NA,-77.38237,23.709669
"6118","gbif6507",-81.515869,22.021616,NA,NA,NA,NA,NA,NA,-81.515869,22.021616
"6119","gbif6508",-77.693176,24.6259,NA,NA,NA,NA,NA,NA,-77.693176,24.6259
"6120","gbif6509",-78.109665,20.584999,NA,NA,NA,NA,NA,NA,-78.109665,20.584999
"6121","gbif651",-80.375,25.0091,NA,NA,NA,NA,NA,NA,-80.375,25.0091
"6122","gbif6510",-78.002899,25.160101,NA,NA,NA,NA,NA,NA,-78.002899,25.160101
"6123","gbif6511",-79.019485,20.846001,NA,NA,NA,NA,NA,NA,-79.019485,20.846001
"6124","gbif6512",-81.077934,19.343901,NA,NA,NA,NA,NA,NA,-81.077934,19.343901
"6125","gbif6513",-81.247231,21.833334,NA,NA,NA,NA,NA,NA,-81.247231,21.833334
"6126","gbif6514",-77.698067,24.439501,NA,NA,NA,NA,NA,NA,-77.698067,24.439501
"6127","gbif6515",-77.861,24.844999,NA,NA,NA,NA,NA,NA,-77.861,24.844999
"6128","gbif6516",-66.580452,11.778517,NA,NA,NA,NA,NA,NA,-66.580452,11.778517
"6129","gbif6517",-80.022903,19.830517,NA,NA,NA,NA,NA,NA,-80.022903,19.830517
"6130","gbif6518",-77.860977,24.844931,NA,NA,NA,NA,NA,NA,-77.860977,24.844931
"6131","gbif6519",-78.109665,20.584999,NA,NA,NA,NA,NA,NA,-78.109665,20.584999
"6132","gbif652",-80.3745,25.0097,NA,NA,NA,NA,NA,NA,-80.3745,25.0097
"6133","gbif6520",-87.30658,20.396481,NA,NA,NA,NA,NA,NA,-87.30658,20.396481
"6134","gbif6521",-78.164169,18.1735,NA,NA,NA,NA,NA,NA,-78.164169,18.1735
"6135","gbif6522",-78.034332,25.223921,NA,NA,NA,NA,NA,NA,-78.034332,25.223921
"6136","gbif6523",-82.9804,12.31568,NA,NA,NA,NA,NA,NA,-82.9804,12.31568
"6137","gbif6524",-78.085571,25.313219,NA,NA,NA,NA,NA,NA,-78.085571,25.313219
"6138","gbif6525",-77.693176,24.6259,NA,NA,NA,NA,NA,NA,-77.693176,24.6259
"6139","gbif6526",-81.417519,21.891001,NA,NA,NA,NA,NA,NA,-81.417519,21.891001
"6140","gbif6527",-77.693176,24.6259,NA,NA,NA,NA,NA,NA,-77.693176,24.6259
"6141","gbif6528",-87.82972,18.210833,NA,NA,NA,NA,NA,NA,-87.82972,18.210833
"6142","gbif6529",-80.126663,23.1,NA,NA,NA,NA,NA,NA,-80.126663,23.1
"6143","gbif653",-81.8589,24.4545,NA,NA,NA,NA,NA,NA,-81.8589,24.4545
"6144","gbif6530",-77.770172,24.72917,-77.7820188029016,24.7192993682217,-77.7810705686238,24.7758429047796,5.28615131931617,6.2640192548897,-77.7810705686238,24.7758429047796
"6145","gbif6531",-79.091263,20.899683,NA,NA,NA,NA,NA,NA,-79.091263,20.899683
"6146","gbif6532",-88.080002,16.780001,NA,NA,NA,NA,NA,NA,-88.080002,16.780001
"6147","gbif6533",-78.002899,25.160101,NA,NA,NA,NA,NA,NA,-78.002899,25.160101
"6148","gbif6534",-81.077934,19.343901,NA,NA,NA,NA,NA,NA,-81.077934,19.343901
"6149","gbif6535",-77.426369,23.79092,NA,NA,NA,NA,NA,NA,-77.426369,23.79092
"6150","gbif6536",-78.034332,25.223921,NA,NA,NA,NA,NA,NA,-78.034332,25.223921
"6151","gbif6537",-80.301498,25.11875,NA,NA,NA,NA,NA,NA,-80.301498,25.11875
"6152","gbif6538",-77.698067,24.439501,NA,NA,NA,NA,NA,NA,-77.698067,24.439501
"6153","gbif6539",-77.670677,24.343149,NA,NA,NA,NA,NA,NA,-77.670677,24.343149
"6154","gbif654",-81.8775,24.452,NA,NA,NA,NA,NA,NA,-81.8775,24.452
"6155","gbif6540",-81.425797,21.902267,NA,NA,NA,NA,NA,NA,-81.425797,21.902267
"6156","gbif6541",-65.264786,18.338383,-65.2898684941656,18.3067802889959,-65.245415817744,18.3067802889959,4.05315173588614,4.69955400013281,-65.245415817744,18.3067802889959
"6157","gbif6542",-81.285583,21.8479,-81.3087079617919,21.8414227491664,-81.2483793295055,21.8414227491664,3.91220459364308,6.23656925870371,-81.2483793295055,21.8414227491664
"6158","gbif6543",-77.8563,24.84425,NA,NA,NA,NA,NA,NA,-77.8563,24.84425
"6159","gbif6544",-79.430214,21.067783,NA,NA,NA,NA,NA,NA,-79.430214,21.067783
"6160","gbif6545",-82.430786,21.544283,NA,NA,NA,NA,NA,NA,-82.430786,21.544283
"6161","gbif6546",-79.558151,21.217699,NA,NA,NA,NA,NA,NA,-79.558151,21.217699
"6162","gbif6547",-71.110466,21.43845,NA,NA,NA,NA,NA,NA,-71.110466,21.43845
"6163","gbif6548",-78.034332,25.223921,NA,NA,NA,NA,NA,NA,-78.034332,25.223921
"6164","gbif6549",-77.693176,24.6259,NA,NA,NA,NA,NA,NA,-77.693176,24.6259
"6165","gbif655",-80.2107,25.2208,NA,NA,NA,NA,NA,NA,-80.2107,25.2208
"6166","gbif6550",-78.12722,22.4825,NA,NA,NA,NA,NA,NA,-78.12722,22.4825
"6167","gbif6551",-81.146202,19.291267,NA,NA,NA,NA,NA,NA,-81.146202,19.291267
"6168","gbif6552",-77.861,24.844999,NA,NA,NA,NA,NA,NA,-77.861,24.844999
"6169","gbif6553",-78.885536,9.5436,NA,NA,NA,NA,NA,NA,-78.885536,9.5436
"6170","gbif6554",-79.103485,20.901316,NA,NA,NA,NA,NA,NA,-79.103485,20.901316
"6171","gbif6555",-77.937828,25.063669,-77.9796848016266,25.0642250659524,-77.9144285978885,25.0426083734717,3.31929246221483,7.00663945943426,-77.9144285978885,25.0426083734717
"6172","gbif6556",-77.983032,25.128851,NA,NA,NA,NA,NA,NA,-77.983032,25.128851
"6173","gbif6557",-79.287949,21.084616,-79.2924615669568,21.1078177102631,-79.2480088905353,21.1078177102631,4.88064440697303,4.61843747961783,-79.2480088905353,21.1078177102631
"6174","gbif6558",-79.019485,20.846001,NA,NA,NA,NA,NA,NA,-79.019485,20.846001
"6175","gbif6559",-87.699867,16.914351,NA,NA,NA,NA,NA,NA,-87.699867,16.914351
"6176","gbif656",-81.7176,24.4796,NA,NA,NA,NA,NA,NA,-81.7176,24.4796
"6177","gbif6560",-77.8563,24.84425,NA,NA,NA,NA,NA,NA,-77.8563,24.84425
"6178","gbif6561",-77.983032,25.128851,NA,NA,NA,NA,NA,NA,-77.983032,25.128851
"6179","gbif6562",-74.480003,24.17,NA,NA,NA,NA,NA,NA,-74.480003,24.17
"6180","gbif6563",-81.247231,21.833334,NA,NA,NA,NA,NA,NA,-81.247231,21.833334
"6181","gbif6564",-76.988503,26.397833,NA,NA,NA,NA,NA,NA,-76.988503,26.397833
"6182","gbif6565",-76.977997,26.3535,NA,NA,NA,NA,NA,NA,-76.977997,26.3535
"6183","gbif6566",-80.022903,19.830517,NA,NA,NA,NA,NA,NA,-80.022903,19.830517
"6184","gbif6567",-63.060001,17.995667,NA,NA,NA,NA,NA,NA,-63.060001,17.995667
"6185","gbif6568",-81.425797,21.902267,NA,NA,NA,NA,NA,NA,-81.425797,21.902267
"6186","gbif6569",-79.019485,20.846001,NA,NA,NA,NA,NA,NA,-79.019485,20.846001
"6187","gbif657",-81.7158,24.4798,NA,NA,NA,NA,NA,NA,-81.7158,24.4798
"6188","gbif6570",-82.449249,21.543533,NA,NA,NA,NA,NA,NA,-82.449249,21.543533
"6189","gbif6571",-77.770172,24.72917,-77.7820188029016,24.7192993682217,-77.7810705686238,24.7758429047796,5.28615131931617,6.2640192548897,-77.7810705686238,24.7758429047796
"6190","gbif6572",-81.180984,21.784901,NA,NA,NA,NA,NA,NA,-81.180984,21.784901
"6191","gbif6573",-77.937828,25.063669,-77.9796848016266,25.0642250659524,-77.9144285978885,25.0426083734717,3.31929246221483,7.00663945943426,-77.9144285978885,25.0426083734717
"6192","gbif6574",-77.770172,24.72917,-77.7820188029016,24.7192993682217,-77.7810705686238,24.7758429047796,5.28615131931617,6.2640192548897,-77.7810705686238,24.7758429047796
"6193","gbif6575",-81.957298,21.586367,NA,NA,NA,NA,NA,NA,-81.957298,21.586367
"6194","gbif6576",-77.646202,24.29167,NA,NA,NA,NA,NA,NA,-77.646202,24.29167
"6195","gbif6577",-78.002899,25.160101,NA,NA,NA,NA,NA,NA,-78.002899,25.160101
"6196","gbif6578",-71.110466,21.43845,NA,NA,NA,NA,NA,NA,-71.110466,21.43845
"6197","gbif6579",-87.82682,18.239201,NA,NA,NA,NA,NA,NA,-87.82682,18.239201
"6198","gbif658",-81.5866,24.5475,NA,NA,NA,NA,NA,NA,-81.5866,24.5475
"6199","gbif6580",-87.333969,18.753532,NA,NA,NA,NA,NA,NA,-87.333969,18.753532
"6200","gbif6581",-78.879982,9.584,NA,NA,NA,NA,NA,NA,-78.879982,9.584
"6201","gbif6582",-79.558151,21.217699,NA,NA,NA,NA,NA,NA,-79.558151,21.217699
"6202","gbif6583",-74.459999,24.139999,NA,NA,NA,NA,NA,NA,-74.459999,24.139999
"6203","gbif6584",-77.693176,24.6259,NA,NA,NA,NA,NA,NA,-77.693176,24.6259
"6204","gbif6585",-87.526497,17.221001,NA,NA,NA,NA,NA,NA,-87.526497,17.221001
"6205","gbif6586",-81.46685,21.960484,NA,NA,NA,NA,NA,NA,-81.46685,21.960484
"6206","gbif6587",-77.861,24.844999,NA,NA,NA,NA,NA,NA,-77.861,24.844999
"6207","gbif6588",-77.698997,24.483999,NA,NA,NA,NA,NA,NA,-77.698997,24.483999
"6208","gbif6589",-81.285583,21.8479,-81.3087079617919,21.8414227491664,-81.2483793295055,21.8414227491664,3.91220459364308,6.23656925870371,-81.2483793295055,21.8414227491664
"6209","gbif659",-80.3765,25.0088,NA,NA,NA,NA,NA,NA,-80.3765,25.0088
"6210","gbif6590",-79.558151,21.217699,NA,NA,NA,NA,NA,NA,-79.558151,21.217699
"6211","gbif6591",-78.902496,22.693611,NA,NA,NA,NA,NA,NA,-78.902496,22.693611
"6212","gbif6592",-78.034332,25.223921,NA,NA,NA,NA,NA,NA,-78.034332,25.223921
"6213","gbif6593",-78.085571,25.313219,NA,NA,NA,NA,NA,NA,-78.085571,25.313219
"6214","gbif6594",-78.085571,25.313219,NA,NA,NA,NA,NA,NA,-78.085571,25.313219
"6215","gbif6595",-81.197563,21.804667,NA,NA,NA,NA,NA,NA,-81.197563,21.804667
"6216","gbif6596",-87.980034,16.528667,NA,NA,NA,NA,NA,NA,-87.980034,16.528667
"6217","gbif6597",-77.358131,18.463051,-77.3596514970282,18.4802240407351,-77.3596514970282,18.4802240407351,1.90757714924747,0,-77.3596514970282,18.4802240407351
"6218","gbif6598",-88.038086,17.35215,NA,NA,NA,NA,NA,NA,-88.038086,17.35215
"6219","gbif6599",-65.248367,18.3311,NA,NA,NA,NA,NA,NA,-65.248367,18.3311
"6220","gbif66",-91.982222,20.203056,NA,NA,NA,NA,NA,NA,-91.982222,20.203056
"6221","gbif660",-81.8589,24.4545,NA,NA,NA,NA,NA,NA,-81.8589,24.4545
"6222","gbif6600",-77.629173,24.253151,NA,NA,NA,NA,NA,NA,-77.629173,24.253151
"6223","gbif6601",-78.991066,20.833683,NA,NA,NA,NA,NA,NA,-78.991066,20.833683
"6224","gbif6602",-81.876953,24.452066,NA,NA,NA,NA,NA,NA,-81.876953,24.452066
"6225","gbif6603",-77.629173,24.253151,NA,NA,NA,NA,NA,NA,-77.629173,24.253151
"6226","gbif6604",-77.691002,24.630671,NA,NA,NA,NA,NA,NA,-77.691002,24.630671
"6227","gbif6605",-78.847954,20.811966,NA,NA,NA,NA,NA,NA,-78.847954,20.811966
"6228","gbif6606",-77.419022,23.778219,NA,NA,NA,NA,NA,NA,-77.419022,23.778219
"6229","gbif6607",-78.034332,25.223921,NA,NA,NA,NA,NA,NA,-78.034332,25.223921
"6230","gbif6608",-79.103485,20.901316,NA,NA,NA,NA,NA,NA,-79.103485,20.901316
"6231","gbif6609",-77.691002,24.630671,NA,NA,NA,NA,NA,NA,-77.691002,24.630671
"6232","gbif661",-80.3745,25.0097,NA,NA,NA,NA,NA,NA,-80.3745,25.0097
"6233","gbif6610",-78.311119,18.377451,NA,NA,NA,NA,NA,NA,-78.311119,18.377451
"6234","gbif6611",-77.38237,23.709669,NA,NA,NA,NA,NA,NA,-77.38237,23.709669
"6235","gbif6612",-79.755836,22.946667,NA,NA,NA,NA,NA,NA,-79.755836,22.946667
"6236","gbif6613",-79.467415,21.079517,NA,NA,NA,NA,NA,NA,-79.467415,21.079517
"6237","gbif6614",-77.38237,23.709669,NA,NA,NA,NA,NA,NA,-77.38237,23.709669
"6238","gbif6615",-81.180984,21.784901,NA,NA,NA,NA,NA,NA,-81.180984,21.784901
"6239","gbif6616",-77.670677,24.343149,NA,NA,NA,NA,NA,NA,-77.670677,24.343149
"6240","gbif6617",-71.599998,21.299999,NA,NA,NA,NA,NA,NA,-71.599998,21.299999
"6241","gbif6618",-66.705765,11.766367,NA,NA,NA,NA,NA,NA,-66.705765,11.766367
"6242","gbif6619",-77.770172,24.72917,-77.7820188029016,24.7192993682217,-77.7810705686238,24.7758429047796,5.28615131931617,6.2640192548897,-77.7810705686238,24.7758429047796
"6243","gbif662",-80.3068,25.1075,NA,NA,NA,NA,NA,NA,-80.3068,25.1075
"6244","gbif6620",-78.200836,20.568832,NA,NA,NA,NA,NA,NA,-78.200836,20.568832
"6245","gbif6621",-77.465553,21.843334,-77.5131530864073,21.8414227491664,-77.4476754954621,21.8414227491664,1.86018058112082,6.76885112230064,-77.4476754954621,21.8414227491664
"6246","gbif6622",-77.38237,23.709669,NA,NA,NA,NA,NA,NA,-77.38237,23.709669
"6247","gbif6623",-82.338165,21.551767,NA,NA,NA,NA,NA,NA,-82.338165,21.551767
"6248","gbif6624",-79.409164,21.07115,NA,NA,NA,NA,NA,NA,-79.409164,21.07115
"6249","gbif6625",-77.861,24.844999,NA,NA,NA,NA,NA,NA,-77.861,24.844999
"6250","gbif6626",-78.034332,25.223921,NA,NA,NA,NA,NA,NA,-78.034332,25.223921
"6251","gbif6627",-77.376999,23.696501,NA,NA,NA,NA,NA,NA,-77.376999,23.696501
"6252","gbif6628",-66.622665,11.954284,NA,NA,NA,NA,NA,NA,-66.622665,11.954284
"6253","gbif6629",-81.515869,22.021616,NA,NA,NA,NA,NA,NA,-81.515869,22.021616
"6254","gbif663",-81.7158,24.4798,NA,NA,NA,NA,NA,NA,-81.7158,24.4798
"6255","gbif6630",-77.698067,24.439501,NA,NA,NA,NA,NA,NA,-77.698067,24.439501
"6256","gbif6631",-77.693176,24.6259,NA,NA,NA,NA,NA,NA,-77.693176,24.6259
"6257","gbif6632",-66.723,11.881133,NA,NA,NA,NA,NA,NA,-66.723,11.881133
"6258","gbif6633",-78.590469,9.47465,NA,NA,NA,NA,NA,NA,-78.590469,9.47465
"6259","gbif6634",-81.425797,21.902267,NA,NA,NA,NA,NA,NA,-81.425797,21.902267
"6260","gbif6635",-78.085571,25.313219,NA,NA,NA,NA,NA,NA,-78.085571,25.313219
"6261","gbif6636",-82.324165,9.423317,NA,NA,NA,NA,NA,NA,-82.324165,9.423317
"6262","gbif6637",-77.770172,24.72917,-77.7820188029016,24.7192993682217,-77.7810705686238,24.7758429047796,5.28615131931617,6.2640192548897,-77.7810705686238,24.7758429047796
"6263","gbif6638",-87.316513,18.510616,NA,NA,NA,NA,NA,NA,-87.316513,18.510616
"6264","gbif6639",-65.228485,18.299067,NA,NA,NA,NA,NA,NA,-65.228485,18.299067
"6265","gbif664",-81.7158,24.4798,NA,NA,NA,NA,NA,NA,-81.7158,24.4798
"6266","gbif6640",-79.558151,21.217699,NA,NA,NA,NA,NA,NA,-79.558151,21.217699
"6267","gbif6641",-77.376999,23.696501,NA,NA,NA,NA,NA,NA,-77.376999,23.696501
"6268","gbif6642",-77.770172,24.72917,-77.7820188029016,24.7192993682217,-77.7810705686238,24.7758429047796,5.28615131931617,6.2640192548897,-77.7810705686238,24.7758429047796
"6269","gbif6643",-79.409164,21.07115,NA,NA,NA,NA,NA,NA,-79.409164,21.07115
"6270","gbif6644",-96.068336,19.197222,NA,NA,NA,NA,NA,NA,-96.068336,19.197222
"6271","gbif6645",-77.537033,24.097931,-77.5637787323847,24.0913518378895,-77.5143545100944,24.1089292330493,2.60773285796534,5.38905128935586,-77.5143545100944,24.1089292330493
"6272","gbif6646",-77.647881,24.3013,NA,NA,NA,NA,NA,NA,-77.647881,24.3013
"6273","gbif6647",-78.085571,25.313219,NA,NA,NA,NA,NA,NA,-78.085571,25.313219
"6274","gbif6648",-77.647881,24.3013,NA,NA,NA,NA,NA,NA,-77.647881,24.3013
"6275","gbif6649",-78.034332,25.223921,NA,NA,NA,NA,NA,NA,-78.034332,25.223921
"6276","gbif665",-80.2105,25.2201,NA,NA,NA,NA,NA,NA,-80.2105,25.2201
"6277","gbif6650",-71.113632,21.4589,NA,NA,NA,NA,NA,NA,-71.113632,21.4589
"6278","gbif6651",-81.957298,21.586367,NA,NA,NA,NA,NA,NA,-81.957298,21.586367
"6279","gbif6652",-77.691002,24.630671,NA,NA,NA,NA,NA,NA,-77.691002,24.630671
"6280","gbif6653",-77.983032,25.128851,NA,NA,NA,NA,NA,NA,-77.983032,25.128851
"6281","gbif6654",-77.91893,18.505917,-77.9193917071847,18.5074441847231,-77.9811076125208,18.506854390515,6.56669022114025,6.51741291548042,-77.9811076125208,18.506854390515
"6282","gbif6655",-82.09893,21.51545,NA,NA,NA,NA,NA,NA,-82.09893,21.51545
"6283","gbif6656",-78.311119,18.377451,NA,NA,NA,NA,NA,NA,-78.311119,18.377451
"6284","gbif6657",-77.426369,23.79092,NA,NA,NA,NA,NA,NA,-77.426369,23.79092
"6285","gbif6658",-77.65638,24.3069,NA,NA,NA,NA,NA,NA,-77.65638,24.3069
"6286","gbif6659",-78.349724,22.540277,-78.360665080428,22.5083364208966,-78.3145026856825,22.5083364208966,5.0636035630231,4.74965479207132,-78.3145026856825,22.5083364208966
"6287","gbif666",-81.7176,24.4796,NA,NA,NA,NA,NA,NA,-81.7176,24.4796
"6288","gbif6660",-77.629173,24.253151,NA,NA,NA,NA,NA,NA,-77.629173,24.253151
"6289","gbif6661",-80.126663,23.1,NA,NA,NA,NA,NA,NA,-80.126663,23.1
"6290","gbif6662",-71.110466,21.43845,NA,NA,NA,NA,NA,NA,-71.110466,21.43845
"6291","gbif6663",-87.951881,17.342899,NA,NA,NA,NA,NA,NA,-87.951881,17.342899
"6292","gbif6664",-74.540001,23.950001,-74.514568224885,23.9755464987032,-74.5804778662715,23.9755464987032,4.99776850253307,6.70769270674922,-74.5804778662715,23.9755464987032
"6293","gbif6665",-81.514603,22.036051,NA,NA,NA,NA,NA,NA,-81.514603,22.036051
"6294","gbif6666",-77.860977,24.844931,NA,NA,NA,NA,NA,NA,-77.860977,24.844931
"6295","gbif6667",-87.699867,16.914351,NA,NA,NA,NA,NA,NA,-87.699867,16.914351
"6296","gbif6668",-87.333969,18.753532,NA,NA,NA,NA,NA,NA,-87.333969,18.753532
"6297","gbif6669",-77.419022,23.778219,NA,NA,NA,NA,NA,NA,-77.419022,23.778219
"6298","gbif667",-80.375,25.0091,NA,NA,NA,NA,NA,NA,-80.375,25.0091
"6299","gbif6670",-82.317146,21.562784,NA,NA,NA,NA,NA,NA,-82.317146,21.562784
"6300","gbif6671",-80.218903,25.208883,NA,NA,NA,NA,NA,NA,-80.218903,25.208883
"6301","gbif6672",-88.139999,16.76,NA,NA,NA,NA,NA,NA,-88.139999,16.76
"6302","gbif6673",-81.07473,19.317633,NA,NA,NA,NA,NA,NA,-81.07473,19.317633
"6303","gbif6674",-77.858597,24.842171,NA,NA,NA,NA,NA,NA,-77.858597,24.842171
"6304","gbif6675",-79.755836,22.946667,NA,NA,NA,NA,NA,NA,-79.755836,22.946667
"6305","gbif6676",-77.38237,23.709669,NA,NA,NA,NA,NA,NA,-77.38237,23.709669
"6306","gbif6677",-71.599998,21.299999,NA,NA,NA,NA,NA,NA,-71.599998,21.299999
"6307","gbif6678",-77.38237,23.709669,NA,NA,NA,NA,NA,NA,-77.38237,23.709669
"6308","gbif6679",-82.324165,9.423317,NA,NA,NA,NA,NA,NA,-82.324165,9.423317
"6309","gbif668",-81.7176,24.4796,NA,NA,NA,NA,NA,NA,-81.7176,24.4796
"6310","gbif6680",-80.415115,24.98605,NA,NA,NA,NA,NA,NA,-80.415115,24.98605
"6311","gbif6681",-78.280998,20.6061,NA,NA,NA,NA,NA,NA,-78.280998,20.6061
"6312","gbif6682",-81.197563,21.804667,NA,NA,NA,NA,NA,NA,-81.197563,21.804667
"6313","gbif6683",-74.550003,23.950001,NA,NA,NA,NA,NA,NA,-74.550003,23.950001
"6314","gbif6684",-78.693054,22.626667,NA,NA,NA,NA,NA,NA,-78.693054,22.626667
"6315","gbif6685",-71.113632,21.4589,NA,NA,NA,NA,NA,NA,-71.113632,21.4589
"6316","gbif6686",-81.519333,22.09885,NA,NA,NA,NA,NA,NA,-81.519333,22.09885
"6317","gbif6687",-66.723,11.881133,NA,NA,NA,NA,NA,NA,-66.723,11.881133
"6318","gbif6688",-77.65638,24.3069,NA,NA,NA,NA,NA,NA,-77.65638,24.3069
"6319","gbif6689",-79.971634,21.677134,NA,NA,NA,NA,NA,NA,-79.971634,21.677134
"6320","gbif669",-81.8775,24.452,NA,NA,NA,NA,NA,NA,-81.8775,24.452
"6321","gbif6690",-78.280998,20.6061,NA,NA,NA,NA,NA,NA,-78.280998,20.6061
"6322","gbif6691",-79.103485,20.901316,NA,NA,NA,NA,NA,NA,-79.103485,20.901316
"6323","gbif6692",-81.514603,22.036051,NA,NA,NA,NA,NA,NA,-81.514603,22.036051
"6324","gbif6693",-65.228485,18.299067,NA,NA,NA,NA,NA,NA,-65.228485,18.299067
"6325","gbif6694",-78.034332,25.223921,NA,NA,NA,NA,NA,NA,-78.034332,25.223921
"6326","gbif6695",-79.103485,20.901316,NA,NA,NA,NA,NA,NA,-79.103485,20.901316
"6327","gbif6696",-77.861,24.844999,NA,NA,NA,NA,NA,NA,-77.861,24.844999
"6328","gbif6697",-77.743431,24.69953,-77.7678185908596,24.6926048181617,-77.7143915539915,24.7091515376065,3.12580817886443,5.70867593259974,-77.7143915539915,24.7091515376065
"6329","gbif6698",-77.419022,23.778219,NA,NA,NA,NA,NA,NA,-77.419022,23.778219
"6330","gbif6699",-82.782753,21.451134,NA,NA,NA,NA,NA,NA,-82.782753,21.451134
"6331","gbif67",-91.394894,22.103539,NA,NA,NA,NA,NA,NA,-91.394894,22.103539
"6332","gbif670",-81.8589,24.4545,NA,NA,NA,NA,NA,NA,-81.8589,24.4545
"6333","gbif6700",-82.09893,21.51545,NA,NA,NA,NA,NA,NA,-82.09893,21.51545
"6334","gbif6701",-81.430435,21.912434,NA,NA,NA,NA,NA,NA,-81.430435,21.912434
"6335","gbif6702",-66.580452,11.778517,NA,NA,NA,NA,NA,NA,-66.580452,11.778517
"6336","gbif6703",-78.034332,25.223921,NA,NA,NA,NA,NA,NA,-78.034332,25.223921
"6337","gbif6704",-78.085571,25.313219,NA,NA,NA,NA,NA,NA,-78.085571,25.313219
"6338","gbif6705",-77.770172,24.72917,-77.7820188029016,24.7192993682217,-77.7810705686238,24.7758429047796,5.28615131931617,6.2640192548897,-77.7810705686238,24.7758429047796
"6339","gbif6706",-81.46685,21.960484,NA,NA,NA,NA,NA,NA,-81.46685,21.960484
"6340","gbif6707",-79.145279,22.653334,NA,NA,NA,NA,NA,NA,-79.145279,22.653334
"6341","gbif6708",-79.199135,20.968517,NA,NA,NA,NA,NA,NA,-79.199135,20.968517
"6342","gbif6709",-77.38237,23.709669,NA,NA,NA,NA,NA,NA,-77.38237,23.709669
"6343","gbif671",-81.8775,24.452,NA,NA,NA,NA,NA,NA,-81.8775,24.452
"6344","gbif6710",-81.430435,21.912434,NA,NA,NA,NA,NA,NA,-81.430435,21.912434
"6345","gbif6711",-77.861,24.844999,NA,NA,NA,NA,NA,NA,-77.861,24.844999
"6346","gbif6712",-79.019485,20.846001,NA,NA,NA,NA,NA,NA,-79.019485,20.846001
"6347","gbif6713",-77.937828,25.063669,-77.9796848016266,25.0642250659524,-77.9144285978885,25.0426083734717,3.31929246221483,7.00663945943426,-77.9144285978885,25.0426083734717
"6348","gbif6714",-81.967514,21.570801,NA,NA,NA,NA,NA,NA,-81.967514,21.570801
"6349","gbif6715",-78.991066,20.833683,NA,NA,NA,NA,NA,NA,-78.991066,20.833683
"6350","gbif6716",-82.696503,21.4835,NA,NA,NA,NA,NA,NA,-82.696503,21.4835
"6351","gbif6717",-65.264786,18.338383,-65.2898684941656,18.3067802889959,-65.245415817744,18.3067802889959,4.05315173588614,4.69955400013281,-65.245415817744,18.3067802889959
"6352","gbif6718",-78.354134,18.31255,NA,NA,NA,NA,NA,NA,-78.354134,18.31255
"6353","gbif6719",-80.259315,25.1408,NA,NA,NA,NA,NA,NA,-80.259315,25.1408
"6354","gbif672",-80.2107,25.2208,NA,NA,NA,NA,NA,NA,-80.2107,25.2208
"6355","gbif6720",-78.443054,22.5625,NA,NA,NA,NA,NA,NA,-78.443054,22.5625
"6356","gbif6721",-81.519333,22.09885,NA,NA,NA,NA,NA,NA,-81.519333,22.09885
"6357","gbif6722",-81.077934,19.343901,NA,NA,NA,NA,NA,NA,-81.077934,19.343901
"6358","gbif6723",-77.691002,24.630671,NA,NA,NA,NA,NA,NA,-77.691002,24.630671
"6359","gbif6724",-79.207664,20.966749,NA,NA,NA,NA,NA,NA,-79.207664,20.966749
"6360","gbif6725",-77.465553,21.843334,-77.5131530864073,21.8414227491664,-77.4476754954621,21.8414227491664,1.86018058112082,6.76885112230064,-77.4476754954621,21.8414227491664
"6361","gbif6726",-77.691002,24.630671,NA,NA,NA,NA,NA,NA,-77.691002,24.630671
"6362","gbif6727",-88.049515,16.9198,NA,NA,NA,NA,NA,NA,-88.049515,16.9198
"6363","gbif6728",-79.019485,20.846001,NA,NA,NA,NA,NA,NA,-79.019485,20.846001
"6364","gbif6729",-81.285583,21.8479,-81.3087079617919,21.8414227491664,-81.2483793295055,21.8414227491664,3.91220459364308,6.23656925870371,-81.2483793295055,21.8414227491664
"6365","gbif673",-81.857,24.4548,NA,NA,NA,NA,NA,NA,-81.857,24.4548
"6366","gbif6730",-77.857048,18.5261,-77.860266024205,18.532645354369,-77.8477495832561,18.573545757688,5.34255400600605,4.71600771641226,-77.8477495832561,18.573545757688
"6367","gbif6731",-88.038086,17.35215,NA,NA,NA,NA,NA,NA,-88.038086,17.35215
"6368","gbif6732",-77.647881,24.3013,NA,NA,NA,NA,NA,NA,-77.647881,24.3013
"6369","gbif6733",-77.38237,23.709669,NA,NA,NA,NA,NA,NA,-77.38237,23.709669
"6370","gbif6734",-77.860977,24.844931,NA,NA,NA,NA,NA,NA,-77.860977,24.844931
"6371","gbif6735",-77.691002,24.630671,NA,NA,NA,NA,NA,NA,-77.691002,24.630671
"6372","gbif6736",-65.248367,18.3311,NA,NA,NA,NA,NA,NA,-65.248367,18.3311
"6373","gbif6737",-77.629173,24.253151,NA,NA,NA,NA,NA,NA,-77.629173,24.253151
"6374","gbif6738",-77.8563,24.84425,NA,NA,NA,NA,NA,NA,-77.8563,24.84425
"6375","gbif6739",-81.180984,21.784901,NA,NA,NA,NA,NA,NA,-81.180984,21.784901
"6376","gbif674",-80.3765,25.0088,NA,NA,NA,NA,NA,NA,-80.3765,25.0088
"6377","gbif6740",-82.430786,21.544283,NA,NA,NA,NA,NA,NA,-82.430786,21.544283
"6378","gbif6741",-81.514603,22.036051,NA,NA,NA,NA,NA,NA,-81.514603,22.036051
"6379","gbif6742",-82.969398,12.29546,NA,NA,NA,NA,NA,NA,-82.969398,12.29546
"6380","gbif6743",-77.807671,24.751329,-77.8110915000961,24.7483862432583,-77.7810705686238,24.7758429047796,3.82252174320534,4.2976284442484,-77.7810705686238,24.7758429047796
"6381","gbif6744",-81.425797,21.902267,NA,NA,NA,NA,NA,NA,-81.425797,21.902267
"6382","gbif6745",-74.540001,23.950001,-74.514568224885,23.9755464987032,-74.5804778662715,23.9755464987032,4.99776850253307,6.70769270674922,-74.5804778662715,23.9755464987032
"6383","gbif6746",-78.085571,25.313219,NA,NA,NA,NA,NA,NA,-78.085571,25.313219
"6384","gbif6747",-79.584999,22.833611,NA,NA,NA,NA,NA,NA,-79.584999,22.833611
"6385","gbif6748",-77.537033,24.097931,-77.5637787323847,24.0913518378895,-77.5143545100944,24.1089292330493,2.60773285796534,5.38905128935586,-77.5143545100944,24.1089292330493
"6386","gbif6749",-74.470001,24.15,NA,NA,NA,NA,NA,NA,-74.470001,24.15
"6387","gbif675",-81.8568,24.4532,NA,NA,NA,NA,NA,NA,-81.8568,24.4532
"6388","gbif6750",-81.285583,21.8479,-81.3087079617919,21.8414227491664,-81.2483793295055,21.8414227491664,3.91220459364308,6.23656925870371,-81.2483793295055,21.8414227491664
"6389","gbif6751",-78.085571,25.313219,NA,NA,NA,NA,NA,NA,-78.085571,25.313219
"6390","gbif6752",-77.8563,24.84425,NA,NA,NA,NA,NA,NA,-77.8563,24.84425
"6391","gbif6753",-66.723,11.881133,NA,NA,NA,NA,NA,NA,-66.723,11.881133
"6392","gbif6754",-77.861,24.844999,NA,NA,NA,NA,NA,NA,-77.861,24.844999
"6393","gbif6755",-79.971634,21.677134,NA,NA,NA,NA,NA,NA,-79.971634,21.677134
"6394","gbif6756",-77.65638,24.3069,NA,NA,NA,NA,NA,NA,-77.65638,24.3069
"6395","gbif6757",-74.470001,24.15,NA,NA,NA,NA,NA,NA,-74.470001,24.15
"6396","gbif6758",-81.515869,22.021616,NA,NA,NA,NA,NA,NA,-81.515869,22.021616
"6397","gbif6759",-81.681801,21.576967,NA,NA,NA,NA,NA,NA,-81.681801,21.576967
"6398","gbif676",-80.3765,25.0088,NA,NA,NA,NA,NA,NA,-80.3765,25.0088
"6399","gbif6760",-81.479446,21.969482,NA,NA,NA,NA,NA,NA,-81.479446,21.969482
"6400","gbif6761",-63.228001,17.649666,-63.2414616532317,17.6398666172657,-63.1783663641415,17.6398666172657,5.37748218152161,6.69554053517968,-63.1783663641415,17.6398666172657
"6401","gbif6762",-77.691002,24.630671,NA,NA,NA,NA,NA,NA,-77.691002,24.630671
"6402","gbif6763",-77.426369,23.79092,NA,NA,NA,NA,NA,NA,-77.426369,23.79092
"6403","gbif6764",-81.417519,21.891001,NA,NA,NA,NA,NA,NA,-81.417519,21.891001
"6404","gbif6765",-76.98317,26.603333,NA,NA,NA,NA,NA,NA,-76.98317,26.603333
"6405","gbif6766",-82.430786,21.544283,NA,NA,NA,NA,NA,NA,-82.430786,21.544283
"6406","gbif6767",-77.465553,21.843334,-77.5131530864073,21.8414227491664,-77.4476754954621,21.8414227491664,1.86018058112082,6.76885112230064,-77.4476754954621,21.8414227491664
"6407","gbif6768",-74.540001,23.950001,-74.514568224885,23.9755464987032,-74.5804778662715,23.9755464987032,4.99776850253307,6.70769270674922,-74.5804778662715,23.9755464987032
"6408","gbif6769",-71.110466,21.43845,NA,NA,NA,NA,NA,NA,-71.110466,21.43845
"6409","gbif677",-81.8775,24.452,NA,NA,NA,NA,NA,NA,-81.8775,24.452
"6410","gbif6770",-77.537033,24.097931,-77.5637787323847,24.0913518378895,-77.5143545100944,24.1089292330493,2.60773285796534,5.38905128935586,-77.5143545100944,24.1089292330493
"6411","gbif6771",-77.691002,24.630671,NA,NA,NA,NA,NA,NA,-77.691002,24.630671
"6412","gbif6772",-79.409164,21.07115,NA,NA,NA,NA,NA,NA,-79.409164,21.07115
"6413","gbif6773",-77.646202,24.29167,NA,NA,NA,NA,NA,NA,-77.646202,24.29167
"6414","gbif6774",-78.085571,25.313219,NA,NA,NA,NA,NA,NA,-78.085571,25.313219
"6415","gbif6775",-81.430435,21.912434,NA,NA,NA,NA,NA,NA,-81.430435,21.912434
"6416","gbif6776",-79.145279,22.653334,NA,NA,NA,NA,NA,NA,-79.145279,22.653334
"6417","gbif6777",-87.740898,17.570784,NA,NA,NA,NA,NA,NA,-87.740898,17.570784
"6418","gbif6778",-80.259315,25.1408,NA,NA,NA,NA,NA,NA,-80.259315,25.1408
"6419","gbif6779",-74.480003,24.17,NA,NA,NA,NA,NA,NA,-74.480003,24.17
"6420","gbif678",-80.375,25.0091,NA,NA,NA,NA,NA,NA,-80.375,25.0091
"6421","gbif6780",-78.280998,20.6061,NA,NA,NA,NA,NA,NA,-78.280998,20.6061
"6422","gbif6781",-79.019485,20.846001,NA,NA,NA,NA,NA,NA,-79.019485,20.846001
"6423","gbif6782",-77.602501,22.024723,NA,NA,NA,NA,NA,NA,-77.602501,22.024723
"6424","gbif6783",-77.647881,24.3013,NA,NA,NA,NA,NA,NA,-77.647881,24.3013
"6425","gbif6784",-81.105301,19.292749,NA,NA,NA,NA,NA,NA,-81.105301,19.292749
"6426","gbif6785",-77.937828,25.063669,-77.9796848016266,25.0642250659524,-77.9144285978885,25.0426083734717,3.31929246221483,7.00663945943426,-77.9144285978885,25.0426083734717
"6427","gbif6786",-88.038086,17.35215,NA,NA,NA,NA,NA,NA,-88.038086,17.35215
"6428","gbif6787",-78.12722,22.4825,NA,NA,NA,NA,NA,NA,-78.12722,22.4825
"6429","gbif6788",-79.409164,21.07115,NA,NA,NA,NA,NA,NA,-79.409164,21.07115
"6430","gbif6789",-81.430435,21.912434,NA,NA,NA,NA,NA,NA,-81.430435,21.912434
"6431","gbif679",-80.2107,25.2208,NA,NA,NA,NA,NA,NA,-80.2107,25.2208
"6432","gbif6790",-78.902435,20.772367,NA,NA,NA,NA,NA,NA,-78.902435,20.772367
"6433","gbif6791",-87.333969,18.753532,NA,NA,NA,NA,NA,NA,-87.333969,18.753532
"6434","gbif6792",-78.991066,20.833683,NA,NA,NA,NA,NA,NA,-78.991066,20.833683
"6435","gbif6793",-77.426369,23.79092,NA,NA,NA,NA,NA,NA,-77.426369,23.79092
"6436","gbif6794",-78.034332,25.223921,NA,NA,NA,NA,NA,NA,-78.034332,25.223921
"6437","gbif6795",-77.647881,24.3013,NA,NA,NA,NA,NA,NA,-77.647881,24.3013
"6438","gbif6796",-79.091263,20.899683,NA,NA,NA,NA,NA,NA,-79.091263,20.899683
"6439","gbif6797",-82.324165,9.423317,NA,NA,NA,NA,NA,NA,-82.324165,9.423317
"6440","gbif6798",-77.770172,24.72917,-77.7820188029016,24.7192993682217,-77.7810705686238,24.7758429047796,5.28615131931617,6.2640192548897,-77.7810705686238,24.7758429047796
"6441","gbif6799",-81.077934,19.343901,NA,NA,NA,NA,NA,NA,-81.077934,19.343901
"6442","gbif68",-91.961644,20.210072,NA,NA,NA,NA,NA,NA,-91.961644,20.210072
"6443","gbif680",-81.8589,24.4545,NA,NA,NA,NA,NA,NA,-81.8589,24.4545
"6444","gbif6800",-77.68235,24.367029,NA,NA,NA,NA,NA,NA,-77.68235,24.367029
"6445","gbif6801",-81.46685,21.960484,NA,NA,NA,NA,NA,NA,-81.46685,21.960484
"6446","gbif6802",-66.592453,11.910633,NA,NA,NA,NA,NA,NA,-66.592453,11.910633
"6447","gbif6803",-78.034332,25.223921,NA,NA,NA,NA,NA,NA,-78.034332,25.223921
"6448","gbif6804",-81.957298,21.586367,NA,NA,NA,NA,NA,NA,-81.957298,21.586367
"6449","gbif6805",-71.599998,21.299999,NA,NA,NA,NA,NA,NA,-71.599998,21.299999
"6450","gbif6806",-76.956947,26.526766,NA,NA,NA,NA,NA,NA,-76.956947,26.526766
"6451","gbif6807",-77.38237,23.709669,NA,NA,NA,NA,NA,NA,-77.38237,23.709669
"6452","gbif6808",-66.580452,11.778517,NA,NA,NA,NA,NA,NA,-66.580452,11.778517
"6453","gbif6809",-77.807671,24.751329,-77.8110915000961,24.7483862432583,-77.7810705686238,24.7758429047796,3.82252174320534,4.2976284442484,-77.7810705686238,24.7758429047796
"6454","gbif681",-80.3765,25.0088,NA,NA,NA,NA,NA,NA,-80.3765,25.0088
"6455","gbif6810",-88.038086,17.35215,NA,NA,NA,NA,NA,NA,-88.038086,17.35215
"6456","gbif6811",-79.290001,21.089817,-79.2924615669568,21.1078177102631,-79.2480088905353,21.1078177102631,4.79668981355737,4.61843747961783,-79.2480088905353,21.1078177102631
"6457","gbif6812",-87.333969,18.753532,NA,NA,NA,NA,NA,NA,-87.333969,18.753532
"6458","gbif6813",-77.652779,22.176945,NA,NA,NA,NA,NA,NA,-77.652779,22.176945
"6459","gbif6814",-77.698067,24.439501,NA,NA,NA,NA,NA,NA,-77.698067,24.439501
"6460","gbif6815",-87.951881,17.342899,NA,NA,NA,NA,NA,NA,-87.951881,17.342899
"6461","gbif6816",-87.744049,17.59375,NA,NA,NA,NA,NA,NA,-87.744049,17.59375
"6462","gbif6817",-87.959999,17.889999,NA,NA,NA,NA,NA,NA,-87.959999,17.889999
"6463","gbif6818",-87.526497,17.221001,NA,NA,NA,NA,NA,NA,-87.526497,17.221001
"6464","gbif6819",-77.698997,24.483999,NA,NA,NA,NA,NA,NA,-77.698997,24.483999
"6465","gbif682",-81.8589,24.4545,NA,NA,NA,NA,NA,NA,-81.8589,24.4545
"6466","gbif6820",-88.139999,16.76,NA,NA,NA,NA,NA,NA,-88.139999,16.76
"6467","gbif6821",-79.409164,21.07115,NA,NA,NA,NA,NA,NA,-79.409164,21.07115
"6468","gbif6822",-81.105301,19.292749,NA,NA,NA,NA,NA,NA,-81.105301,19.292749
"6469","gbif6823",-77.693176,24.6259,NA,NA,NA,NA,NA,NA,-77.693176,24.6259
"6470","gbif6824",-76.950386,26.532284,NA,NA,NA,NA,NA,NA,-76.950386,26.532284
"6471","gbif6825",-66.622665,11.954284,NA,NA,NA,NA,NA,NA,-66.622665,11.954284
"6472","gbif6826",-77.691002,24.630671,NA,NA,NA,NA,NA,NA,-77.691002,24.630671
"6473","gbif6827",-78.034332,25.223921,NA,NA,NA,NA,NA,NA,-78.034332,25.223921
"6474","gbif6828",-77.983032,25.128851,NA,NA,NA,NA,NA,NA,-77.983032,25.128851
"6475","gbif6829",-77.537033,24.097931,-77.5637787323847,24.0913518378895,-77.5143545100944,24.1089292330493,2.60773285796534,5.38905128935586,-77.5143545100944,24.1089292330493
"6476","gbif683",-81.8589,24.4545,NA,NA,NA,NA,NA,NA,-81.8589,24.4545
"6477","gbif6830",-82.449249,21.543533,NA,NA,NA,NA,NA,NA,-82.449249,21.543533
"6478","gbif6831",-79.019485,20.846001,NA,NA,NA,NA,NA,NA,-79.019485,20.846001
"6479","gbif6832",-66.723,11.881133,NA,NA,NA,NA,NA,NA,-66.723,11.881133
"6480","gbif6833",-77.693176,24.6259,NA,NA,NA,NA,NA,NA,-77.693176,24.6259
"6481","gbif6834",-81.519333,22.09885,NA,NA,NA,NA,NA,NA,-81.519333,22.09885
"6482","gbif6835",-81.146202,19.291267,NA,NA,NA,NA,NA,NA,-81.146202,19.291267
"6483","gbif6836",-79.409164,21.07115,NA,NA,NA,NA,NA,NA,-79.409164,21.07115
"6484","gbif6837",-77.693176,24.6259,NA,NA,NA,NA,NA,NA,-77.693176,24.6259
"6485","gbif6838",-81.635834,21.580917,NA,NA,NA,NA,NA,NA,-81.635834,21.580917
"6486","gbif6839",-78.002899,25.160101,NA,NA,NA,NA,NA,NA,-78.002899,25.160101
"6487","gbif684",-80.2107,25.2208,NA,NA,NA,NA,NA,NA,-80.2107,25.2208
"6488","gbif6840",-78.085571,25.313219,NA,NA,NA,NA,NA,NA,-78.085571,25.313219
"6489","gbif6841",-77.647881,24.3013,NA,NA,NA,NA,NA,NA,-77.647881,24.3013
"6490","gbif6842",-71.110466,21.43845,NA,NA,NA,NA,NA,NA,-71.110466,21.43845
"6491","gbif6843",-77.983032,25.128851,NA,NA,NA,NA,NA,NA,-77.983032,25.128851
"6492","gbif6844",-81.146202,19.291267,NA,NA,NA,NA,NA,NA,-81.146202,19.291267
"6493","gbif6845",-79.928131,21.656967,NA,NA,NA,NA,NA,NA,-79.928131,21.656967
"6494","gbif6846",-87.410469,18.408817,NA,NA,NA,NA,NA,NA,-87.410469,18.408817
"6495","gbif6847",-77.38237,23.709669,NA,NA,NA,NA,NA,NA,-77.38237,23.709669
"6496","gbif6848",-79.558151,21.217699,NA,NA,NA,NA,NA,NA,-79.558151,21.217699
"6497","gbif6849",-81.430435,21.912434,NA,NA,NA,NA,NA,NA,-81.430435,21.912434
"6498","gbif685",-80.3068,25.1075,NA,NA,NA,NA,NA,NA,-80.3068,25.1075
"6499","gbif6850",-77.858597,24.842171,NA,NA,NA,NA,NA,NA,-77.858597,24.842171
"6500","gbif6851",-66.723,11.881133,NA,NA,NA,NA,NA,NA,-66.723,11.881133
"6501","gbif6852",-78.354134,18.31255,NA,NA,NA,NA,NA,NA,-78.354134,18.31255
"6502","gbif6853",-82.324165,9.423317,NA,NA,NA,NA,NA,NA,-82.324165,9.423317
"6503","gbif6854",-77.698067,24.439501,NA,NA,NA,NA,NA,NA,-77.698067,24.439501
"6504","gbif6855",-71.599998,21.299999,NA,NA,NA,NA,NA,NA,-71.599998,21.299999
"6505","gbif6856",-77.860977,24.844931,NA,NA,NA,NA,NA,NA,-77.860977,24.844931
"6506","gbif6857",-77.858597,24.842171,NA,NA,NA,NA,NA,NA,-77.858597,24.842171
"6507","gbif6858",-77.807671,24.751329,-77.8110915000961,24.7483862432583,-77.7810705686238,24.7758429047796,3.82252174320534,4.2976284442484,-77.7810705686238,24.7758429047796
"6508","gbif6859",-65.248367,18.3311,NA,NA,NA,NA,NA,NA,-65.248367,18.3311
"6509","gbif686",-80.375,25.0091,NA,NA,NA,NA,NA,NA,-80.375,25.0091
"6510","gbif6860",-79.928131,21.656967,NA,NA,NA,NA,NA,NA,-79.928131,21.656967
"6511","gbif6861",-77.376999,23.696501,NA,NA,NA,NA,NA,NA,-77.376999,23.696501
"6512","gbif6862",-79.409164,21.07115,NA,NA,NA,NA,NA,NA,-79.409164,21.07115
"6513","gbif6863",-87.959999,17.889999,NA,NA,NA,NA,NA,NA,-87.959999,17.889999
"6514","gbif6864",-77.426369,23.79092,NA,NA,NA,NA,NA,NA,-77.426369,23.79092
"6515","gbif6865",-79.103485,20.901316,NA,NA,NA,NA,NA,NA,-79.103485,20.901316
"6516","gbif6866",-77.698997,24.483999,NA,NA,NA,NA,NA,NA,-77.698997,24.483999
"6517","gbif6867",-87.313454,18.770166,NA,NA,NA,NA,NA,NA,-87.313454,18.770166
"6518","gbif6868",-78.034332,25.223921,NA,NA,NA,NA,NA,NA,-78.034332,25.223921
"6519","gbif6869",-80.0728,19.656866,NA,NA,NA,NA,NA,NA,-80.0728,19.656866
"6520","gbif687",-80.458,24.9553,NA,NA,NA,NA,NA,NA,-80.458,24.9553
"6521","gbif6870",-77.807716,24.774349,-77.8237235889751,24.7610184835926,-77.7810705686238,24.7758429047796,2.69981166057824,4.61582272947461,-77.7810705686238,24.7758429047796
"6522","gbif6871",-66.723,11.881133,NA,NA,NA,NA,NA,NA,-66.723,11.881133
"6523","gbif6872",-79.467415,21.079517,NA,NA,NA,NA,NA,NA,-79.467415,21.079517
"6524","gbif6873",-82.065933,9.272767,-82.103263513904,9.26535743003132,-82.0485275050935,9.23675435346425,4.41842005211074,6.79569046701186,-82.0485275050935,9.23675435346425
"6525","gbif6874",-77.807716,24.774349,-77.8237235889751,24.7610184835926,-77.7810705686238,24.7758429047796,2.69981166057824,4.61582272947461,-77.7810705686238,24.7758429047796
"6526","gbif6875",-76.949501,26.059834,NA,NA,NA,NA,NA,NA,-76.949501,26.059834
"6527","gbif6876",-77.465553,21.843334,-77.5131530864073,21.8414227491664,-77.4476754954621,21.8414227491664,1.86018058112082,6.76885112230064,-77.4476754954621,21.8414227491664
"6528","gbif6877",-81.105301,19.292749,NA,NA,NA,NA,NA,NA,-81.105301,19.292749
"6529","gbif6878",-77.38237,23.709669,NA,NA,NA,NA,NA,NA,-77.38237,23.709669
"6530","gbif6879",-77.38237,23.709669,NA,NA,NA,NA,NA,NA,-77.38237,23.709669
"6531","gbif688",-86.999969,16.018023,NA,NA,NA,NA,NA,NA,-86.999969,16.018023
"6532","gbif6880",-81.681801,21.576967,NA,NA,NA,NA,NA,NA,-81.681801,21.576967
"6533","gbif6881",-74.540001,23.950001,-74.514568224885,23.9755464987032,-74.5804778662715,23.9755464987032,4.99776850253307,6.70769270674922,-74.5804778662715,23.9755464987032
"6534","gbif6882",-77.419022,23.778219,NA,NA,NA,NA,NA,NA,-77.419022,23.778219
"6535","gbif6883",-87.953697,17.355267,NA,NA,NA,NA,NA,NA,-87.953697,17.355267
"6536","gbif6884",-77.983032,25.128851,NA,NA,NA,NA,NA,NA,-77.983032,25.128851
"6537","gbif6885",-78.002899,25.160101,NA,NA,NA,NA,NA,NA,-78.002899,25.160101
"6538","gbif6886",-65.314964,18.338083,-65.3120948323764,18.3112263801408,-65.3120948323764,18.373471656169,3.92868076660646,6.88955059508306,-65.3120948323764,18.373471656169
"6539","gbif6887",-78.002899,25.160101,NA,NA,NA,NA,NA,NA,-78.002899,25.160101
"6540","gbif6888",-79.363052,22.718334,NA,NA,NA,NA,NA,NA,-79.363052,22.718334
"6541","gbif6889",-66.723,11.881133,NA,NA,NA,NA,NA,NA,-66.723,11.881133
"6542","gbif689",-87.357982,20.266138,NA,NA,NA,NA,NA,NA,-87.357982,20.266138
"6543","gbif6890",-79.103485,20.901316,NA,NA,NA,NA,NA,NA,-79.103485,20.901316
"6544","gbif6891",-66.884186,11.800233,NA,NA,NA,NA,NA,NA,-66.884186,11.800233
"6545","gbif6892",-79.994331,21.713066,NA,NA,NA,NA,NA,NA,-79.994331,21.713066
"6546","gbif6893",-87.299103,20.40765,-87.3143386782219,20.4114746515275,-87.3161696610483,20.3742126713598,4.10818179379925,4.12966084854752,-87.3161696610483,20.3742126713598
"6547","gbif6894",-82.702919,21.481417,NA,NA,NA,NA,NA,NA,-82.702919,21.481417
"6548","gbif6895",-88.074135,16.72345,NA,NA,NA,NA,NA,NA,-88.074135,16.72345
"6549","gbif6896",-77.68235,24.367029,NA,NA,NA,NA,NA,NA,-77.68235,24.367029
"6550","gbif6897",-77.670677,24.343149,NA,NA,NA,NA,NA,NA,-77.670677,24.343149
"6551","gbif6898",-77.743431,24.69953,-77.7678185908596,24.6926048181617,-77.7143915539915,24.7091515376065,3.12580817886443,5.70867593259974,-77.7143915539915,24.7091515376065
"6552","gbif6899",-78.034332,25.223921,NA,NA,NA,NA,NA,NA,-78.034332,25.223921
"6553","gbif69",-91.398305,22.114083,NA,NA,NA,NA,NA,NA,-91.398305,22.114083
"6554","gbif690",-86.555351,15.859715,NA,NA,NA,NA,NA,NA,-86.555351,15.859715
"6555","gbif6900",-81.876953,24.452066,NA,NA,NA,NA,NA,NA,-81.876953,24.452066
"6556","gbif6901",-79.409164,21.07115,NA,NA,NA,NA,NA,NA,-79.409164,21.07115
"6557","gbif6902",-78.034332,25.223921,NA,NA,NA,NA,NA,NA,-78.034332,25.223921
"6558","gbif6903",-87.746132,17.59425,NA,NA,NA,NA,NA,NA,-87.746132,17.59425
"6559","gbif6904",-78.085571,25.313219,NA,NA,NA,NA,NA,NA,-78.085571,25.313219
"6560","gbif6905",-81.635834,21.580917,NA,NA,NA,NA,NA,NA,-81.635834,21.580917
"6561","gbif6906",-87.302979,20.402189,NA,NA,NA,NA,NA,NA,-87.302979,20.402189
"6562","gbif6907",-79.971634,21.677134,NA,NA,NA,NA,NA,NA,-79.971634,21.677134
"6563","gbif6908",-77.646202,24.29167,NA,NA,NA,NA,NA,NA,-77.646202,24.29167
"6564","gbif6909",-77.983032,25.128851,NA,NA,NA,NA,NA,NA,-77.983032,25.128851
"6565","gbif691",-68.31141,12.289289,NA,NA,NA,NA,NA,NA,-68.31141,12.289289
"6566","gbif6910",-81.822517,9.107567,-81.8189797717767,9.1118850475027,-81.7818114465642,9.10337161911821,4.49859028343895,4.19283034563314,-81.7818114465642,9.10337161911821
"6567","gbif6911",-87.959999,17.889999,NA,NA,NA,NA,NA,NA,-87.959999,17.889999
"6568","gbif6912",-77.647881,24.3013,NA,NA,NA,NA,NA,NA,-77.647881,24.3013
"6569","gbif6913",-79.971634,21.677134,NA,NA,NA,NA,NA,NA,-79.971634,21.677134
"6570","gbif6914",-81.635834,21.580917,NA,NA,NA,NA,NA,NA,-81.635834,21.580917
"6571","gbif6915",-81.180984,21.784901,NA,NA,NA,NA,NA,NA,-81.180984,21.784901
"6572","gbif6916",-77.376999,23.696501,NA,NA,NA,NA,NA,NA,-77.376999,23.696501
"6573","gbif6917",-77.68235,24.367029,NA,NA,NA,NA,NA,NA,-77.68235,24.367029
"6574","gbif6918",-66.884186,11.800233,NA,NA,NA,NA,NA,NA,-66.884186,11.800233
"6575","gbif6919",-81.876953,24.452066,NA,NA,NA,NA,NA,NA,-81.876953,24.452066
"6576","gbif692",-81.112164,19.24519,NA,NA,NA,NA,NA,NA,-81.112164,19.24519
"6577","gbif6920",-77.38237,23.709669,NA,NA,NA,NA,NA,NA,-77.38237,23.709669
"6578","gbif6921",-66.895233,11.792334,NA,NA,NA,NA,NA,NA,-66.895233,11.792334
"6579","gbif6922",-80.259315,25.1408,NA,NA,NA,NA,NA,NA,-80.259315,25.1408
"6580","gbif6923",-77.983032,25.128851,NA,NA,NA,NA,NA,NA,-77.983032,25.128851
"6581","gbif6924",-81.515869,22.021616,NA,NA,NA,NA,NA,NA,-81.515869,22.021616
"6582","gbif6925",-77.691002,24.630671,NA,NA,NA,NA,NA,NA,-77.691002,24.630671
"6583","gbif6926",-66.723,11.881133,NA,NA,NA,NA,NA,NA,-66.723,11.881133
"6584","gbif6927",-66.592453,11.910633,NA,NA,NA,NA,NA,NA,-66.592453,11.910633
"6585","gbif6928",-81.247231,21.833334,NA,NA,NA,NA,NA,NA,-81.247231,21.833334
"6586","gbif6929",-87.333969,18.753532,NA,NA,NA,NA,NA,NA,-87.333969,18.753532
"6587","gbif693",-60.91306,14.41821,-60.911279866642,14.436518928688,-60.911279866642,14.3719896257873,5.11752736790449,7.13967141173993,-60.911279866642,14.3719896257873
"6588","gbif6930",-87.333969,18.753532,NA,NA,NA,NA,NA,NA,-87.333969,18.753532
"6589","gbif6931",-79.103485,20.901316,NA,NA,NA,NA,NA,NA,-79.103485,20.901316
"6590","gbif6932",-77.647881,24.3013,NA,NA,NA,NA,NA,NA,-77.647881,24.3013
"6591","gbif6933",-87.528214,17.250584,NA,NA,NA,NA,NA,NA,-87.528214,17.250584
"6592","gbif6934",-81.519333,22.09885,NA,NA,NA,NA,NA,NA,-81.519333,22.09885
"6593","gbif6935",-78.680397,20.644234,NA,NA,NA,NA,NA,NA,-78.680397,20.644234
"6594","gbif6936",-78.085571,25.313219,NA,NA,NA,NA,NA,NA,-78.085571,25.313219
"6595","gbif6937",-87.831665,18.219166,NA,NA,NA,NA,NA,NA,-87.831665,18.219166
"6596","gbif6938",-77.670677,24.343149,NA,NA,NA,NA,NA,NA,-77.670677,24.343149
"6597","gbif6939",-81.430435,21.912434,NA,NA,NA,NA,NA,NA,-81.430435,21.912434
"6598","gbif694",-80.3765,25.0088,NA,NA,NA,NA,NA,NA,-80.3765,25.0088
"6599","gbif6940",-77.693176,24.6259,NA,NA,NA,NA,NA,NA,-77.693176,24.6259
"6600","gbif6941",-78.311119,18.377451,NA,NA,NA,NA,NA,NA,-78.311119,18.377451
"6601","gbif6942",-78.034332,25.223921,NA,NA,NA,NA,NA,NA,-78.034332,25.223921
"6602","gbif6943",-81.820747,9.106234,-81.8172577162513,9.11048841249628,-81.7818114465642,9.10337161911821,4.29172752751239,3.97515475100498,-81.7818114465642,9.10337161911821
"6603","gbif6944",-81.515869,22.021616,NA,NA,NA,NA,NA,NA,-81.515869,22.021616
"6604","gbif6945",-81.285583,21.8479,-81.3087079617919,21.8414227491664,-81.2483793295055,21.8414227491664,3.91220459364308,6.23656925870371,-81.2483793295055,21.8414227491664
"6605","gbif6946",-77.647881,24.3013,NA,NA,NA,NA,NA,NA,-77.647881,24.3013
"6606","gbif6947",-78.772301,9.5947,NA,NA,NA,NA,NA,NA,-78.772301,9.5947
"6607","gbif6948",-77.698067,24.439501,NA,NA,NA,NA,NA,NA,-77.698067,24.439501
"6608","gbif6949",-77.647881,24.3013,NA,NA,NA,NA,NA,NA,-77.647881,24.3013
"6609","gbif695",-81.8589,24.4545,NA,NA,NA,NA,NA,NA,-81.8589,24.4545
"6610","gbif6950",-77.629173,24.253151,NA,NA,NA,NA,NA,NA,-77.629173,24.253151
"6611","gbif6951",-81.247231,21.833334,NA,NA,NA,NA,NA,NA,-81.247231,21.833334
"6612","gbif6952",-65.248367,18.3311,NA,NA,NA,NA,NA,NA,-65.248367,18.3311
"6613","gbif6953",-87.410469,18.408817,NA,NA,NA,NA,NA,NA,-87.410469,18.408817
"6614","gbif6954",-78.693054,22.626667,NA,NA,NA,NA,NA,NA,-78.693054,22.626667
"6615","gbif6955",-81.514603,22.036051,NA,NA,NA,NA,NA,NA,-81.514603,22.036051
"6616","gbif6956",-79.430214,21.067783,NA,NA,NA,NA,NA,NA,-79.430214,21.067783
"6617","gbif6957",-66.622665,11.954284,NA,NA,NA,NA,NA,NA,-66.622665,11.954284
"6618","gbif6958",-77.770172,24.72917,-77.7820188029016,24.7192993682217,-77.7810705686238,24.7758429047796,5.28615131931617,6.2640192548897,-77.7810705686238,24.7758429047796
"6619","gbif6959",-77.683723,24.5448,NA,NA,NA,NA,NA,NA,-77.683723,24.5448
"6620","gbif696",-80.3068,25.1075,NA,NA,NA,NA,NA,NA,-80.3068,25.1075
"6621","gbif6960",-77.670677,24.343149,NA,NA,NA,NA,NA,NA,-77.670677,24.343149
"6622","gbif6961",-87.447777,19.825001,NA,NA,NA,NA,NA,NA,-87.447777,19.825001
"6623","gbif6962",-77.38237,23.709669,NA,NA,NA,NA,NA,NA,-77.38237,23.709669
"6624","gbif6963",-79.290001,21.089817,-79.2924615669568,21.1078177102631,-79.2480088905353,21.1078177102631,4.79668981355737,4.61843747961783,-79.2480088905353,21.1078177102631
"6625","gbif6964",-79.409164,21.07115,NA,NA,NA,NA,NA,NA,-79.409164,21.07115
"6626","gbif6965",-79.103485,20.901316,NA,NA,NA,NA,NA,NA,-79.103485,20.901316
"6627","gbif6966",-79.409164,21.07115,NA,NA,NA,NA,NA,NA,-79.409164,21.07115
"6628","gbif6967",-77.691002,24.630671,NA,NA,NA,NA,NA,NA,-77.691002,24.630671
"6629","gbif6968",-81.635834,21.580917,NA,NA,NA,NA,NA,NA,-81.635834,21.580917
"6630","gbif6969",-77.983032,25.128851,NA,NA,NA,NA,NA,NA,-77.983032,25.128851
"6631","gbif697",-80.375,25.0091,NA,NA,NA,NA,NA,NA,-80.375,25.0091
"6632","gbif6970",-79.103485,20.901316,NA,NA,NA,NA,NA,NA,-79.103485,20.901316
"6633","gbif6971",-77.693176,24.6259,NA,NA,NA,NA,NA,NA,-77.693176,24.6259
"6634","gbif6972",-87.830833,18.228611,NA,NA,NA,NA,NA,NA,-87.830833,18.228611
"6635","gbif6973",-82.324165,9.423317,NA,NA,NA,NA,NA,NA,-82.324165,9.423317
"6636","gbif6974",-81.519333,22.09885,NA,NA,NA,NA,NA,NA,-81.519333,22.09885
"6637","gbif6975",-81.635834,21.580917,NA,NA,NA,NA,NA,NA,-81.635834,21.580917
"6638","gbif6976",-66.592453,11.910633,NA,NA,NA,NA,NA,NA,-66.592453,11.910633
"6639","gbif6977",-82.283879,9.587698,NA,NA,NA,NA,NA,NA,-82.283879,9.587698
"6640","gbif6978",-86.704485,21.110271,NA,NA,NA,NA,NA,NA,-86.704485,21.110271
"6641","gbif6979",-97.25837,21.12425,NA,NA,NA,NA,NA,NA,-97.25837,21.12425
"6642","gbif698",-81.8775,24.452,NA,NA,NA,NA,NA,NA,-81.8775,24.452
"6643","gbif6980",-87.397179,18.404929,NA,NA,NA,NA,NA,NA,-87.397179,18.404929
"6644","gbif6981",-60.757731,11.346961,NA,NA,NA,NA,NA,NA,-60.757731,11.346961
"6645","gbif6982",-61.145576,13.848801,NA,NA,NA,NA,NA,NA,-61.145576,13.848801
"6646","gbif6983",-61.231805,15.248657,NA,NA,NA,NA,NA,NA,-61.231805,15.248657
"6647","gbif6984",-61.623294,17.144814,NA,NA,NA,NA,NA,NA,-61.623294,17.144814
"6648","gbif6985",-63.371309,17.65171,NA,NA,NA,NA,NA,NA,-63.371309,17.65171
"6649","gbif6986",-96.096944,19.223333,NA,NA,NA,NA,NA,NA,-96.096944,19.223333
"6650","gbif6987",-87.683333,18.25,NA,NA,NA,NA,NA,NA,-87.683333,18.25
"6651","gbif6988",-87.716667,18.25,NA,NA,NA,NA,NA,NA,-87.716667,18.25
"6652","gbif6989",-95.942108,19.099894,NA,NA,NA,NA,NA,NA,-95.942108,19.099894
"6653","gbif699",-80.375,25.0091,NA,NA,NA,NA,NA,NA,-80.375,25.0091
"6654","gbif6990",-95.939552,19.117016,NA,NA,NA,NA,NA,NA,-95.939552,19.117016
"6655","gbif6991",-96.089202,19.177954,-96.101129838859,19.1737680622453,-96.0511205778848,19.1737680622453,4.03215102156734,5.26008774891055,-96.0511205778848,19.1737680622453
"6656","gbif6992",-95.996597,19.088596,NA,NA,NA,NA,NA,NA,-95.996597,19.088596
"6657","gbif6993",-96.090515,19.173,-96.100805612937,19.1716070120808,-96.0511205778848,19.1737680622453,4.14447658007105,5.23149081918056,-96.0511205778848,19.1737680622453
"6658","gbif6994",-96.092905,19.180802,-96.1021715260057,19.1753712338717,-96.0511205778848,19.1737680622453,4.46332296031841,5.37256035989286,-96.0511205778848,19.1737680622453
"6659","gbif6995",-95.935639,19.111643,NA,NA,NA,NA,NA,NA,-95.935639,19.111643
"6660","gbif6996",-96.068164,19.208586,NA,NA,NA,NA,NA,NA,-96.068164,19.208586
"6661","gbif6997",-95.999545,19.085669,NA,NA,NA,NA,NA,NA,-95.999545,19.085669
"6662","gbif6998",-96.071306,19.202343,-96.106358291069,19.1818143507603,-96.0511205778848,19.1737680622453,3.80944947359189,5.87776000350024,-96.0511205778848,19.1737680622453
"6663","gbif6999",-95.931244,19.108021,NA,NA,NA,NA,NA,NA,-95.931244,19.108021
"6664","gbif7",-68.340479,12.384564,NA,NA,NA,NA,NA,NA,-68.340479,12.384564
"6665","gbif70",-91.963667,20.212111,NA,NA,NA,NA,NA,NA,-91.963667,20.212111
"6666","gbif700",-80.3744,25.0088,NA,NA,NA,NA,NA,NA,-80.3744,25.0088
"6667","gbif7000",-86.927778,20.316667,NA,NA,NA,NA,NA,NA,-86.927778,20.316667
"6668","gbif7001",-86.916667,20.316667,NA,NA,NA,NA,NA,NA,-86.916667,20.316667
"6669","gbif7002",-96.06134,19.20098,NA,NA,NA,NA,NA,NA,-96.06134,19.20098
"6670","gbif7003",-95.83779,19.07921,NA,NA,NA,NA,NA,NA,-95.83779,19.07921
"6671","gbif7004",-96.95435,19.08853,-96.2958273982725,19.3462716188199,-96.2511576217818,19.3738421637644,80.4001632632403,5.59821001433023,-96.2511576217818,19.3738421637644
"6672","gbif7005",-96.07046,19.20071,-96.1053527449432,19.1802669456591,-96.0511205778848,19.1737680622453,3.6098786160834,5.74933338819652,-96.0511205778848,19.1737680622453
"6673","gbif7006",-95.85372,19.16289,NA,NA,NA,NA,NA,NA,-95.85372,19.16289
"6674","gbif7007",-96.95435,19.08853,-96.2958273982725,19.3462716188199,-96.2511576217818,19.3738421637644,80.4001632632403,5.59821001433023,-96.2511576217818,19.3738421637644
"6675","gbif7008",-96.07046,19.20071,-96.1053527449432,19.1802669456591,-96.0511205778848,19.1737680622453,3.6098786160834,5.74933338819652,-96.0511205778848,19.1737680622453
"6676","gbif7009",-95.92,19.06234,NA,NA,NA,NA,NA,NA,-95.92,19.06234
"6677","gbif701",-81.8775,24.452,NA,NA,NA,NA,NA,NA,-81.8775,24.452
"6678","gbif7010",-95.93401,19.06598,NA,NA,NA,NA,NA,NA,-95.93401,19.06598
"6679","gbif7011",-96.09389,19.2302,NA,NA,NA,NA,NA,NA,-96.09389,19.2302
"6680","gbif7012",-96.093333,19.173889,-96.100992389068,19.1728519306225,-96.0511205778848,19.1737680622453,4.44001707980664,5.24662507806061,-96.0511205778848,19.1737680622453
"6681","gbif7013",-95.870556,19.170556,NA,NA,NA,NA,NA,NA,-95.870556,19.170556
"6682","gbif7014",-96.068333,19.197222,NA,NA,NA,NA,NA,NA,-96.068333,19.197222
"6683","gbif7015",-96.068333,19.197222,NA,NA,NA,NA,NA,NA,-96.068333,19.197222
"6684","gbif7016",-95.870556,19.170556,NA,NA,NA,NA,NA,NA,-95.870556,19.170556
"6685","gbif7017",-96.068333,19.197222,NA,NA,NA,NA,NA,NA,-96.068333,19.197222
"6686","gbif7018",-95.870556,19.170556,NA,NA,NA,NA,NA,NA,-95.870556,19.170556
"6687","gbif7019",-96.068333,19.197222,NA,NA,NA,NA,NA,NA,-96.068333,19.197222
"6688","gbif702",-80.3765,25.0088,NA,NA,NA,NA,NA,NA,-80.3765,25.0088
"6689","gbif7020",-96.068333,19.197222,NA,NA,NA,NA,NA,NA,-96.068333,19.197222
"6690","gbif7021",-96.095278,19.180556,-96.1027133427698,19.1762050830225,-96.0511205778848,19.1737680622453,4.70486749214738,5.43330514521839,-96.0511205778848,19.1737680622453
"6691","gbif7022",-96.068333,19.197222,NA,NA,NA,NA,NA,NA,-96.068333,19.197222
"6692","gbif7023",-96.068333,19.197222,NA,NA,NA,NA,NA,NA,-96.068333,19.197222
"6693","gbif7024",-96.068333,19.197222,NA,NA,NA,NA,NA,NA,-96.068333,19.197222
"6694","gbif7025",-95.938611,19.266667,NA,NA,NA,NA,NA,NA,-95.938611,19.266667
"6695","gbif7026",-95.870556,19.170556,NA,NA,NA,NA,NA,NA,-95.870556,19.170556
"6696","gbif7027",-96.093333,19.173889,-96.100992389068,19.1728519306225,-96.0511205778848,19.1737680622453,4.44001707980664,5.24662507806061,-96.0511205778848,19.1737680622453
"6697","gbif7028",-96.068333,19.197222,NA,NA,NA,NA,NA,NA,-96.068333,19.197222
"6698","gbif7029",-95.938611,19.266667,NA,NA,NA,NA,NA,NA,-95.938611,19.266667
"6699","gbif703",-80.3744,25.0088,NA,NA,NA,NA,NA,NA,-80.3744,25.0088
"6700","gbif7030",-96.095278,19.180556,-96.1027133427698,19.1762050830225,-96.0511205778848,19.1737680622453,4.70486749214738,5.43330514521839,-96.0511205778848,19.1737680622453
"6701","gbif7031",-96.095278,19.180556,-96.1027133427698,19.1762050830225,-96.0511205778848,19.1737680622453,4.70486749214738,5.43330514521839,-96.0511205778848,19.1737680622453
"6702","gbif7032",-96.068333,19.197222,NA,NA,NA,NA,NA,NA,-96.068333,19.197222
"6703","gbif7033",-87.461944,20.008333,NA,NA,NA,NA,NA,NA,-87.461944,20.008333
"6704","gbif7034",-86.969444,20.727222,NA,NA,NA,NA,NA,NA,-86.969444,20.727222
"6705","gbif7035",-87.447778,19.841667,NA,NA,NA,NA,NA,NA,-87.447778,19.841667
"6706","gbif7036",-87.468889,19.775,NA,NA,NA,NA,NA,NA,-87.468889,19.775
"6707","gbif7037",-87.686111,18.687222,NA,NA,NA,NA,NA,NA,-87.686111,18.687222
"6708","gbif7038",-87.432778,19.875,NA,NA,NA,NA,NA,NA,-87.432778,19.875
"6709","gbif7039",-86.876944,20.839167,-86.9109821773493,20.8484008487345,-86.849416558622,20.841052241571,2.87266979957512,6.45904617308003,-86.849416558622,20.841052241571
"6710","gbif704",-80.624,24.8457,NA,NA,NA,NA,NA,NA,-80.624,24.8457
"6711","gbif7040",-86.845556,20.928889,NA,NA,NA,NA,NA,NA,-86.845556,20.928889
"6712","gbif7041",-86.789722,21.453889,NA,NA,NA,NA,NA,NA,-86.789722,21.453889
"6713","gbif7042",-86.734722,21.140833,NA,NA,NA,NA,NA,NA,-86.734722,21.140833
"6714","gbif7043",-86.741667,21.041667,NA,NA,NA,NA,NA,NA,-86.741667,21.041667
"6715","gbif7044",-86.8275,20.986944,-86.8419231152055,20.991240497968,-86.7827375439896,20.974434975917,4.85624063189763,6.42936581234513,-86.7827375439896,20.974434975917
"6716","gbif7045",-86.925,20.475,-86.9408803725336,20.4880034569992,-86.9827745878866,20.5075954057058,7.0246924893597,4.87882040591678,-86.9827745878866,20.5075954057058
"6717","gbif7046",-87.348056,18.634444,NA,NA,NA,NA,NA,NA,-87.348056,18.634444
"6718","gbif7047",-87.841389,18.283056,NA,NA,NA,NA,NA,NA,-87.841389,18.283056
"6719","gbif7048",-87.442222,19.941667,NA,NA,NA,NA,NA,NA,-87.442222,19.941667
"6720","gbif7049",-87.444444,19.925,NA,NA,NA,NA,NA,NA,-87.444444,19.925
"6721","gbif705",-81.8775,24.452,NA,NA,NA,NA,NA,NA,-81.8775,24.452
"6722","gbif7050",-86.825,21.497222,NA,NA,NA,NA,NA,NA,-86.825,21.497222
"6723","gbif7051",-86.83525,20.91074,NA,NA,NA,NA,NA,NA,-86.83525,20.91074
"6724","gbif7052",-87.443933,19.447116,NA,NA,NA,NA,NA,NA,-87.443933,19.447116
"6725","gbif7053",-86.851722,20.874791,NA,NA,NA,NA,NA,NA,-86.851722,20.874791
"6726","gbif7054",-87.443933,19.447116,NA,NA,NA,NA,NA,NA,-87.443933,19.447116
"6727","gbif7055",-87.443933,19.447116,NA,NA,NA,NA,NA,NA,-87.443933,19.447116
"6728","gbif7056",-86.83525,20.91074,NA,NA,NA,NA,NA,NA,-86.83525,20.91074
"6729","gbif7057",-87.443933,19.447116,NA,NA,NA,NA,NA,NA,-87.443933,19.447116
"6730","gbif7058",-87.443933,19.447116,NA,NA,NA,NA,NA,NA,-87.443933,19.447116
"6731","gbif7059",-86.83525,20.91074,NA,NA,NA,NA,NA,NA,-86.83525,20.91074
"6732","gbif706",-80.3765,25.0088,NA,NA,NA,NA,NA,NA,-80.3765,25.0088
"6733","gbif7060",-86.851722,20.874791,NA,NA,NA,NA,NA,NA,-86.851722,20.874791
"6734","gbif7061",-87.443933,19.447116,NA,NA,NA,NA,NA,NA,-87.443933,19.447116
"6735","gbif7062",-86.83525,20.91074,NA,NA,NA,NA,NA,NA,-86.83525,20.91074
"6736","gbif7063",-86.851722,20.874791,NA,NA,NA,NA,NA,NA,-86.851722,20.874791
"6737","gbif7064",-87.443933,19.447116,NA,NA,NA,NA,NA,NA,-87.443933,19.447116
"6738","gbif7065",-96.986083,20.754667,NA,NA,NA,NA,NA,NA,-96.986083,20.754667
"6739","gbif7066",-97.276972,21.544694,NA,NA,NA,NA,NA,NA,-97.276972,21.544694
"6740","gbif7067",-94.782278,18.512111,NA,NA,NA,NA,NA,NA,-94.782278,18.512111
"6741","gbif7068",-94.819194,18.543,NA,NA,NA,NA,NA,NA,-94.819194,18.543
"6742","gbif7069",-97.283636,21.547367,NA,NA,NA,NA,NA,NA,-97.283636,21.547367
"6743","gbif707",-81.8775,24.452,NA,NA,NA,NA,NA,NA,-81.8775,24.452
"6744","gbif7070",-96.988361,20.760778,NA,NA,NA,NA,NA,NA,-96.988361,20.760778
"6745","gbif7071",-94.807972,18.539333,-94.8183330656787,18.5277107825048,-94.7842192998703,18.506854390515,4.38331664839284,4.27837388688838,-94.7842192998703,18.506854390515
"6746","gbif7072",-96.988361,20.760778,NA,NA,NA,NA,NA,NA,-96.988361,20.760778
"6747","gbif7073",-97.254508,21.509636,NA,NA,NA,NA,NA,NA,-97.254508,21.509636
"6748","gbif7074",-94.777389,18.490667,NA,NA,NA,NA,NA,NA,-94.777389,18.490667
"6749","gbif7075",-97.227111,21.463972,NA,NA,NA,NA,NA,NA,-97.227111,21.463972
"6750","gbif7076",-96.989028,20.764778,NA,NA,NA,NA,NA,NA,-96.989028,20.764778
"6751","gbif7077",-96.988361,20.760778,NA,NA,NA,NA,NA,NA,-96.988361,20.760778
"6752","gbif7078",-97.276805,21.544444,NA,NA,NA,NA,NA,NA,-97.276805,21.544444
"6753","gbif7079",-96.993889,20.765,NA,NA,NA,NA,NA,NA,-96.993889,20.765
"6754","gbif708",-80.3765,25.0088,NA,NA,NA,NA,NA,NA,-80.3765,25.0088
"6755","gbif7080",-96.988361,20.760778,NA,NA,NA,NA,NA,NA,-96.988361,20.760778
"6756","gbif7081",-97.276805,21.544444,NA,NA,NA,NA,NA,NA,-97.276805,21.544444
"6757","gbif7082",-97.282733,21.541039,NA,NA,NA,NA,NA,NA,-97.282733,21.541039
"6758","gbif7083",-97.276805,21.544444,NA,NA,NA,NA,NA,NA,-97.276805,21.544444
"6759","gbif7084",-94.778417,18.497056,NA,NA,NA,NA,NA,NA,-94.778417,18.497056
"6760","gbif7085",-94.778055,18.496083,NA,NA,NA,NA,NA,NA,-94.778055,18.496083
"6761","gbif7086",-94.819194,18.543,NA,NA,NA,NA,NA,NA,-94.819194,18.543
"6762","gbif7087",-94.781028,18.501778,NA,NA,NA,NA,NA,NA,-94.781028,18.501778
"6763","gbif7088",-96.993889,20.765,NA,NA,NA,NA,NA,NA,-96.993889,20.765
"6764","gbif7089",-97.276805,21.544444,NA,NA,NA,NA,NA,NA,-97.276805,21.544444
"6765","gbif709",-81.8775,24.452,NA,NA,NA,NA,NA,NA,-81.8775,24.452
"6766","gbif7090",-96.994861,20.754667,NA,NA,NA,NA,NA,NA,-96.994861,20.754667
"6767","gbif7091",-97.283636,21.547367,NA,NA,NA,NA,NA,NA,-97.283636,21.547367
"6768","gbif7092",-94.781889,18.515944,NA,NA,NA,NA,NA,NA,-94.781889,18.515944
"6769","gbif7093",-97.276972,21.544694,NA,NA,NA,NA,NA,NA,-97.276972,21.544694
"6770","gbif7094",-94.781889,18.515944,NA,NA,NA,NA,NA,NA,-94.781889,18.515944
"6771","gbif7095",-97.276805,21.544444,NA,NA,NA,NA,NA,NA,-97.276805,21.544444
"6772","gbif7096",-96.988361,20.760778,NA,NA,NA,NA,NA,NA,-96.988361,20.760778
"6773","gbif7097",-94.786028,18.515778,NA,NA,NA,NA,NA,NA,-94.786028,18.515778
"6774","gbif7098",-97.282733,21.541039,NA,NA,NA,NA,NA,NA,-97.282733,21.541039
"6775","gbif7099",-97.276805,21.544444,NA,NA,NA,NA,NA,NA,-97.276805,21.544444
"6776","gbif71",-89.677667,22.397333,NA,NA,NA,NA,NA,NA,-89.677667,22.397333
"6777","gbif710",-81.7176,24.4796,NA,NA,NA,NA,NA,NA,-81.7176,24.4796
"6778","gbif7100",-97.25325,21.51325,NA,NA,NA,NA,NA,NA,-97.25325,21.51325
"6779","gbif7101",-96.993889,20.765,NA,NA,NA,NA,NA,NA,-96.993889,20.765
"6780","gbif7102",-94.807972,18.539333,-94.8183330656787,18.5277107825048,-94.7842192998703,18.506854390515,4.38331664839284,4.27837388688838,-94.7842192998703,18.506854390515
"6781","gbif7103",-97.283636,21.547367,NA,NA,NA,NA,NA,NA,-97.283636,21.547367
"6782","gbif7104",-94.783,18.511889,NA,NA,NA,NA,NA,NA,-94.783,18.511889
"6783","gbif7105",-97.254444,21.511556,NA,NA,NA,NA,NA,NA,-97.254444,21.511556
"6784","gbif7106",-97.283636,21.547367,NA,NA,NA,NA,NA,NA,-97.283636,21.547367
"6785","gbif7107",-94.782278,18.512111,NA,NA,NA,NA,NA,NA,-94.782278,18.512111
"6786","gbif7108",-96.988361,20.760778,NA,NA,NA,NA,NA,NA,-96.988361,20.760778
"6787","gbif7109",-97.276805,21.544444,NA,NA,NA,NA,NA,NA,-97.276805,21.544444
"6788","gbif711",-80.2107,25.2208,NA,NA,NA,NA,NA,NA,-80.2107,25.2208
"6789","gbif7110",-94.807972,18.539333,-94.8183330656787,18.5277107825048,-94.7842192998703,18.506854390515,4.38331664839284,4.27837388688838,-94.7842192998703,18.506854390515
"6790","gbif7111",-96.988361,20.760778,NA,NA,NA,NA,NA,NA,-96.988361,20.760778
"6791","gbif7112",-96.986083,20.754667,NA,NA,NA,NA,NA,NA,-96.986083,20.754667
"6792","gbif7113",-94.782278,18.512111,NA,NA,NA,NA,NA,NA,-94.782278,18.512111
"6793","gbif7114",-94.872278,18.551417,NA,NA,NA,NA,NA,NA,-94.872278,18.551417
"6794","gbif7115",-94.77825,18.496806,NA,NA,NA,NA,NA,NA,-94.77825,18.496806
"6795","gbif7116",-97.276805,21.544444,NA,NA,NA,NA,NA,NA,-97.276805,21.544444
"6796","gbif7117",-96.988361,20.760778,NA,NA,NA,NA,NA,NA,-96.988361,20.760778
"6797","gbif7118",-94.781889,18.515944,NA,NA,NA,NA,NA,NA,-94.781889,18.515944
"6798","gbif7119",-96.988361,20.760778,NA,NA,NA,NA,NA,NA,-96.988361,20.760778
"6799","gbif712",-80.3068,25.1075,NA,NA,NA,NA,NA,NA,-80.3068,25.1075
"6800","gbif7120",-94.808361,18.539778,-94.8187936576618,18.528076979126,-94.7842192998703,18.506854390515,4.44721516519371,4.34119547117415,-94.7842192998703,18.506854390515
"6801","gbif7121",-94.786305,18.51625,NA,NA,NA,NA,NA,NA,-94.786305,18.51625
"6802","gbif7122",-96.987444,20.760167,NA,NA,NA,NA,NA,NA,-96.987444,20.760167
"6803","gbif7123",-94.777139,18.489333,NA,NA,NA,NA,NA,NA,-94.777139,18.489333
"6804","gbif7124",-96.988,20.754861,NA,NA,NA,NA,NA,NA,-96.988,20.754861
"6805","gbif7125",-96.988361,20.760778,NA,NA,NA,NA,NA,NA,-96.988361,20.760778
"6806","gbif7126",-97.282111,21.549056,NA,NA,NA,NA,NA,NA,-97.282111,21.549056
"6807","gbif7127",-94.8085,18.539472,-94.8187166828859,18.5280157800225,-94.7842192998703,18.506854390515,4.42798648911125,4.33069567245424,-94.7842192998703,18.506854390515
"6808","gbif7128",-94.77825,18.496806,NA,NA,NA,NA,NA,NA,-94.77825,18.496806
"6809","gbif7129",-94.826417,18.54425,NA,NA,NA,NA,NA,NA,-94.826417,18.54425
"6810","gbif713",-81.857,24.4548,NA,NA,NA,NA,NA,NA,-81.857,24.4548
"6811","gbif7130",-96.983972,20.753472,NA,NA,NA,NA,NA,NA,-96.983972,20.753472
"6812","gbif7131",-94.778055,18.496083,NA,NA,NA,NA,NA,NA,-94.778055,18.496083
"6813","gbif7132",-96.988361,20.760778,NA,NA,NA,NA,NA,NA,-96.988361,20.760778
"6814","gbif7133",-94.782278,18.512111,NA,NA,NA,NA,NA,NA,-94.782278,18.512111
"6815","gbif7134",-96.991555,20.765972,NA,NA,NA,NA,NA,NA,-96.991555,20.765972
"6816","gbif7135",-94.777389,18.490667,NA,NA,NA,NA,NA,NA,-94.777389,18.490667
"6817","gbif7136",-96.986083,20.754667,NA,NA,NA,NA,NA,NA,-96.986083,20.754667
"6818","gbif7137",-97.276805,21.544444,NA,NA,NA,NA,NA,NA,-97.276805,21.544444
"6819","gbif7138",-94.782278,18.512111,NA,NA,NA,NA,NA,NA,-94.782278,18.512111
"6820","gbif7139",-97.276972,21.544694,NA,NA,NA,NA,NA,NA,-97.276972,21.544694
"6821","gbif714",-80.3765,25.0088,NA,NA,NA,NA,NA,NA,-80.3765,25.0088
"6822","gbif7140",-97.282733,21.541039,NA,NA,NA,NA,NA,NA,-97.282733,21.541039
"6823","gbif7141",-96.993444,20.768417,NA,NA,NA,NA,NA,NA,-96.993444,20.768417
"6824","gbif7142",-97.281833,21.548583,NA,NA,NA,NA,NA,NA,-97.281833,21.548583
"6825","gbif7143",-96.988,20.754861,NA,NA,NA,NA,NA,NA,-96.988,20.754861
"6826","gbif7144",-97.276805,21.544444,NA,NA,NA,NA,NA,NA,-97.276805,21.544444
"6827","gbif7145",-96.988361,20.760778,NA,NA,NA,NA,NA,NA,-96.988361,20.760778
"6828","gbif7146",-97.281833,21.548583,NA,NA,NA,NA,NA,NA,-97.281833,21.548583
"6829","gbif7147",-97.25325,21.51325,NA,NA,NA,NA,NA,NA,-97.25325,21.51325
"6830","gbif7148",-96.989194,20.765056,NA,NA,NA,NA,NA,NA,-96.989194,20.765056
"6831","gbif7149",-94.778417,18.497056,NA,NA,NA,NA,NA,NA,-94.778417,18.497056
"6832","gbif715",-81.7158,24.4798,NA,NA,NA,NA,NA,NA,-81.7158,24.4798
"6833","gbif7150",-97.25325,21.51325,NA,NA,NA,NA,NA,NA,-97.25325,21.51325
"6834","gbif7151",-94.783,18.511889,NA,NA,NA,NA,NA,NA,-94.783,18.511889
"6835","gbif7152",-97.276972,21.544694,NA,NA,NA,NA,NA,NA,-97.276972,21.544694
"6836","gbif7153",-94.8085,18.539472,-94.8187166828859,18.5280157800225,-94.7842192998703,18.506854390515,4.42798648911125,4.33069567245424,-94.7842192998703,18.506854390515
"6837","gbif7154",-94.781528,18.509944,NA,NA,NA,NA,NA,NA,-94.781528,18.509944
"6838","gbif7155",-97.283636,21.547367,NA,NA,NA,NA,NA,NA,-97.283636,21.547367
"6839","gbif7156",-96.988,20.754861,NA,NA,NA,NA,NA,NA,-96.988,20.754861
"6840","gbif7157",-96.993444,20.768417,NA,NA,NA,NA,NA,NA,-96.993444,20.768417
"6841","gbif7158",-69.902828,12.471936,-69.9125713623874,12.4722188986963,-69.9129468420078,12.4379399777696,3.91840063071173,3.79232901449492,-69.9129468420078,12.4379399777696
"6842","gbif7159",-87.309675,20.352105,NA,NA,NA,NA,NA,NA,-87.309675,20.352105
"6843","gbif716",-81.7176,24.4796,NA,NA,NA,NA,NA,NA,-81.7176,24.4796
"6844","gbif7160",-77.075526,26.782021,NA,NA,NA,NA,NA,NA,-77.075526,26.782021
"6845","gbif7161",-82.253998,9.335,-82.2819040563067,9.30344572063728,-82.2819040563067,9.30344572063728,4.64527553474981,0,-82.2819040563067,9.30344572063728
"6846","gbif7162",-82.253998,9.335,-82.2819040563067,9.30344572063728,-82.2819040563067,9.30344572063728,4.64527553474981,0,-82.2819040563067,9.30344572063728
"6847","gbif7163",-78.772301,9.5947,NA,NA,NA,NA,NA,NA,-78.772301,9.5947
"6848","gbif7164",-78.655716,9.51865,NA,NA,NA,NA,NA,NA,-78.655716,9.51865
"6849","gbif7165",-78.655716,9.51865,NA,NA,NA,NA,NA,NA,-78.655716,9.51865
"6850","gbif7166",-78.655716,9.51865,NA,NA,NA,NA,NA,NA,-78.655716,9.51865
"6851","gbif7167",-78.728081,9.488684,NA,NA,NA,NA,NA,NA,-78.728081,9.488684
"6852","gbif7168",-82.03257,9.247033,NA,NA,NA,NA,NA,NA,-82.03257,9.247033
"6853","gbif7169",-78.728081,9.488684,NA,NA,NA,NA,NA,NA,-78.728081,9.488684
"6854","gbif717",-80.2105,25.2201,NA,NA,NA,NA,NA,NA,-80.2105,25.2201
"6855","gbif7170",-82.03257,9.247033,NA,NA,NA,NA,NA,NA,-82.03257,9.247033
"6856","gbif7171",-82.03257,9.247033,NA,NA,NA,NA,NA,NA,-82.03257,9.247033
"6857","gbif7172",-82.324165,9.423317,NA,NA,NA,NA,NA,NA,-82.324165,9.423317
"6858","gbif7173",-82.324165,9.423317,NA,NA,NA,NA,NA,NA,-82.324165,9.423317
"6859","gbif7174",-82.324165,9.423317,NA,NA,NA,NA,NA,NA,-82.324165,9.423317
"6860","gbif7175",-82.324165,9.423317,NA,NA,NA,NA,NA,NA,-82.324165,9.423317
"6861","gbif7176",-82.324165,9.423317,NA,NA,NA,NA,NA,NA,-82.324165,9.423317
"6862","gbif7177",-82.324165,9.423317,NA,NA,NA,NA,NA,NA,-82.324165,9.423317
"6863","gbif7178",-82.324165,9.423317,NA,NA,NA,NA,NA,NA,-82.324165,9.423317
"6864","gbif7179",-82.324165,9.423317,NA,NA,NA,NA,NA,NA,-82.324165,9.423317
"6865","gbif718",-80.375,25.0091,NA,NA,NA,NA,NA,NA,-80.375,25.0091
"6866","gbif7180",-82.324165,9.423317,NA,NA,NA,NA,NA,NA,-82.324165,9.423317
"6867","gbif7181",-82.324165,9.423317,NA,NA,NA,NA,NA,NA,-82.324165,9.423317
"6868","gbif7182",-82.324165,9.423317,NA,NA,NA,NA,NA,NA,-82.324165,9.423317
"6869","gbif7183",-78.655716,9.51865,NA,NA,NA,NA,NA,NA,-78.655716,9.51865
"6870","gbif7184",-78.655716,9.51865,NA,NA,NA,NA,NA,NA,-78.655716,9.51865
"6871","gbif7185",-82.03257,9.247033,NA,NA,NA,NA,NA,NA,-82.03257,9.247033
"6872","gbif7186",-82.119965,9.26785,-82.1043715701966,9.27078571482599,-82.0485275050935,9.30344572063728,8.78087784501504,7.11993219693636,-82.0485275050935,9.30344572063728
"6873","gbif7187",-82.119965,9.26785,-82.1043715701966,9.27078571482599,-82.0485275050935,9.30344572063728,8.78087784501504,7.11993219693636,-82.0485275050935,9.30344572063728
"6874","gbif7188",-82.119965,9.26785,-82.1043715701966,9.27078571482599,-82.0485275050935,9.30344572063728,8.78087784501504,7.11993219693636,-82.0485275050935,9.30344572063728
"6875","gbif7189",-82.119965,9.26785,-82.1043715701966,9.27078571482599,-82.0485275050935,9.30344572063728,8.78087784501504,7.11993219693636,-82.0485275050935,9.30344572063728
"6876","gbif719",-81.8589,24.4545,NA,NA,NA,NA,NA,NA,-81.8589,24.4545
"6877","gbif7190",-78.885536,9.5436,NA,NA,NA,NA,NA,NA,-78.885536,9.5436
"6878","gbif7191",-82.119965,9.26785,-82.1043715701966,9.27078571482599,-82.0485275050935,9.30344572063728,8.78087784501504,7.11993219693636,-82.0485275050935,9.30344572063728
"6879","gbif7192",-82.119965,9.26785,-82.1043715701966,9.27078571482599,-82.0485275050935,9.30344572063728,8.78087784501504,7.11993219693636,-82.0485275050935,9.30344572063728
"6880","gbif7193",-82.119965,9.26785,-82.1043715701966,9.27078571482599,-82.0485275050935,9.30344572063728,8.78087784501504,7.11993219693636,-82.0485275050935,9.30344572063728
"6881","gbif7194",-78.885536,9.5436,NA,NA,NA,NA,NA,NA,-78.885536,9.5436
"6882","gbif7195",-78.885536,9.5436,NA,NA,NA,NA,NA,NA,-78.885536,9.5436
"6883","gbif7196",-78.885536,9.5436,NA,NA,NA,NA,NA,NA,-78.885536,9.5436
"6884","gbif7197",-78.885536,9.5436,NA,NA,NA,NA,NA,NA,-78.885536,9.5436
"6885","gbif7198",-82.119965,9.26785,-82.1043715701966,9.27078571482599,-82.0485275050935,9.30344572063728,8.78087784501504,7.11993219693636,-82.0485275050935,9.30344572063728
"6886","gbif7199",-78.69735,9.5158,NA,NA,NA,NA,NA,NA,-78.69735,9.5158
"6887","gbif72",-91.398305,22.114083,NA,NA,NA,NA,NA,NA,-91.398305,22.114083
"6888","gbif720",-81.8589,24.4545,NA,NA,NA,NA,NA,NA,-81.8589,24.4545
"6889","gbif7200",-82.119965,9.26785,-82.1043715701966,9.27078571482599,-82.0485275050935,9.30344572063728,8.78087784501504,7.11993219693636,-82.0485275050935,9.30344572063728
"6890","gbif7201",-82.119965,9.26785,-82.1043715701966,9.27078571482599,-82.0485275050935,9.30344572063728,8.78087784501504,7.11993219693636,-82.0485275050935,9.30344572063728
"6891","gbif7202",-82.119965,9.26785,-82.1043715701966,9.27078571482599,-82.0485275050935,9.30344572063728,8.78087784501504,7.11993219693636,-82.0485275050935,9.30344572063728
"6892","gbif7203",-82.119965,9.26785,-82.1043715701966,9.27078571482599,-82.0485275050935,9.30344572063728,8.78087784501504,7.11993219693636,-82.0485275050935,9.30344572063728
"6893","gbif7204",-82.119965,9.26785,-82.1043715701966,9.27078571482599,-82.0485275050935,9.30344572063728,8.78087784501504,7.11993219693636,-82.0485275050935,9.30344572063728
"6894","gbif7205",-78.884453,9.588017,NA,NA,NA,NA,NA,NA,-78.884453,9.588017
"6895","gbif7206",-82.03257,9.247033,NA,NA,NA,NA,NA,NA,-82.03257,9.247033
"6896","gbif7207",-82.03257,9.247033,NA,NA,NA,NA,NA,NA,-82.03257,9.247033
"6897","gbif7208",-82.03257,9.247033,NA,NA,NA,NA,NA,NA,-82.03257,9.247033
"6898","gbif7209",-82.03257,9.247033,NA,NA,NA,NA,NA,NA,-82.03257,9.247033
"6899","gbif721",-69.020795,12.30266,NA,NA,NA,NA,NA,NA,-69.020795,12.30266
"6900","gbif7210",-82.03257,9.247033,NA,NA,NA,NA,NA,NA,-82.03257,9.247033
"6901","gbif7211",-78.69735,9.5158,NA,NA,NA,NA,NA,NA,-78.69735,9.5158
"6902","gbif7212",-82.065933,9.272767,-82.103263513904,9.26535743003132,-82.0485275050935,9.23675435346425,4.41842005211074,6.79569046701186,-82.0485275050935,9.23675435346425
"6903","gbif7213",-78.881264,9.56205,NA,NA,NA,NA,NA,NA,-78.881264,9.56205
"6904","gbif7214",-78.881264,9.56205,NA,NA,NA,NA,NA,NA,-78.881264,9.56205
"6905","gbif7215",-82.065933,9.272767,-82.103263513904,9.26535743003132,-82.0485275050935,9.23675435346425,4.41842005211074,6.79569046701186,-82.0485275050935,9.23675435346425
"6906","gbif7216",-82.065933,9.272767,-82.103263513904,9.26535743003132,-82.0485275050935,9.23675435346425,4.41842005211074,6.79569046701186,-82.0485275050935,9.23675435346425
"6907","gbif7217",-82.065933,9.272767,-82.103263513904,9.26535743003132,-82.0485275050935,9.23675435346425,4.41842005211074,6.79569046701186,-82.0485275050935,9.23675435346425
"6908","gbif7218",-82.065933,9.272767,-82.103263513904,9.26535743003132,-82.0485275050935,9.23675435346425,4.41842005211074,6.79569046701186,-82.0485275050935,9.23675435346425
"6909","gbif7219",-82.065933,9.272767,-82.103263513904,9.26535743003132,-82.0485275050935,9.23675435346425,4.41842005211074,6.79569046701186,-82.0485275050935,9.23675435346425
"6910","gbif722",-69.16178,12.21165,NA,NA,NA,NA,NA,NA,-69.16178,12.21165
"6911","gbif7220",-82.065933,9.272767,-82.103263513904,9.26535743003132,-82.0485275050935,9.23675435346425,4.41842005211074,6.79569046701186,-82.0485275050935,9.23675435346425
"6912","gbif7221",-82.065933,9.272767,-82.103263513904,9.26535743003132,-82.0485275050935,9.23675435346425,4.41842005211074,6.79569046701186,-82.0485275050935,9.23675435346425
"6913","gbif7222",-78.590469,9.47465,NA,NA,NA,NA,NA,NA,-78.590469,9.47465
"6914","gbif7223",-78.69735,9.5158,NA,NA,NA,NA,NA,NA,-78.69735,9.5158
"6915","gbif7224",-81.820747,9.106234,-81.8172577162513,9.11048841249628,-81.7818114465642,9.10337161911821,4.29172752751239,3.97515475100498,-81.7818114465642,9.10337161911821
"6916","gbif7225",-81.820747,9.106234,-81.8172577162513,9.11048841249628,-81.7818114465642,9.10337161911821,4.29172752751239,3.97515475100498,-81.7818114465642,9.10337161911821
"6917","gbif7226",-78.590469,9.47465,NA,NA,NA,NA,NA,NA,-78.590469,9.47465
"6918","gbif7227",-78.590469,9.47465,NA,NA,NA,NA,NA,NA,-78.590469,9.47465
"6919","gbif7228",-78.590469,9.47465,NA,NA,NA,NA,NA,NA,-78.590469,9.47465
"6920","gbif7229",-78.885551,9.5436,NA,NA,NA,NA,NA,NA,-78.885551,9.5436
"6921","gbif723",-69.051698,12.309737,NA,NA,NA,NA,NA,NA,-69.051698,12.309737
"6922","gbif7230",-81.820747,9.106234,-81.8172577162513,9.11048841249628,-81.7818114465642,9.10337161911821,4.29172752751239,3.97515475100498,-81.7818114465642,9.10337161911821
"6923","gbif7231",-81.820747,9.106234,-81.8172577162513,9.11048841249628,-81.7818114465642,9.10337161911821,4.29172752751239,3.97515475100498,-81.7818114465642,9.10337161911821
"6924","gbif7232",-78.885551,9.5436,NA,NA,NA,NA,NA,NA,-78.885551,9.5436
"6925","gbif7233",-81.820747,9.106234,-81.8172577162513,9.11048841249628,-81.7818114465642,9.10337161911821,4.29172752751239,3.97515475100498,-81.7818114465642,9.10337161911821
"6926","gbif7234",-81.820747,9.106234,-81.8172577162513,9.11048841249628,-81.7818114465642,9.10337161911821,4.29172752751239,3.97515475100498,-81.7818114465642,9.10337161911821
"6927","gbif7235",-81.820747,9.106234,-81.8172577162513,9.11048841249628,-81.7818114465642,9.10337161911821,4.29172752751239,3.97515475100498,-81.7818114465642,9.10337161911821
"6928","gbif7236",-78.590469,9.47465,NA,NA,NA,NA,NA,NA,-78.590469,9.47465
"6929","gbif7237",-81.820747,9.106234,-81.8172577162513,9.11048841249628,-81.7818114465642,9.10337161911821,4.29172752751239,3.97515475100498,-81.7818114465642,9.10337161911821
"6930","gbif7238",-81.820747,9.106234,-81.8172577162513,9.11048841249628,-81.7818114465642,9.10337161911821,4.29172752751239,3.97515475100498,-81.7818114465642,9.10337161911821
"6931","gbif7239",-81.820747,9.106234,-81.8172577162513,9.11048841249628,-81.7818114465642,9.10337161911821,4.29172752751239,3.97515475100498,-81.7818114465642,9.10337161911821
"6932","gbif724",-69.017169,12.28003,NA,NA,NA,NA,NA,NA,-69.017169,12.28003
"6933","gbif7240",-81.820747,9.106234,-81.8172577162513,9.11048841249628,-81.7818114465642,9.10337161911821,4.29172752751239,3.97515475100498,-81.7818114465642,9.10337161911821
"6934","gbif7241",-78.885551,9.5436,NA,NA,NA,NA,NA,NA,-78.885551,9.5436
"6935","gbif7242",-78.881264,9.56205,NA,NA,NA,NA,NA,NA,-78.881264,9.56205
"6936","gbif7243",-78.885551,9.5436,NA,NA,NA,NA,NA,NA,-78.885551,9.5436
"6937","gbif7244",-78.885551,9.5436,NA,NA,NA,NA,NA,NA,-78.885551,9.5436
"6938","gbif7245",-81.822517,9.107567,-81.8189797717767,9.1118850475027,-81.7818114465642,9.10337161911821,4.49859028343895,4.19283034563314,-81.7818114465642,9.10337161911821
"6939","gbif7246",-78.870499,9.574984,NA,NA,NA,NA,NA,NA,-78.870499,9.574984
"6940","gbif7247",-78.870499,9.574984,NA,NA,NA,NA,NA,NA,-78.870499,9.574984
"6941","gbif7248",-78.882233,9.551833,NA,NA,NA,NA,NA,NA,-78.882233,9.551833
"6942","gbif7249",-81.822517,9.107567,-81.8189797717767,9.1118850475027,-81.7818114465642,9.10337161911821,4.49859028343895,4.19283034563314,-81.7818114465642,9.10337161911821
"6943","gbif725",-69.130017,12.326421,-69.1163902256452,12.3253664451997,-69.1127986664197,12.3712486105965,5.30081827477576,5.09068749880681,-69.1127986664197,12.3712486105965
"6944","gbif7250",-81.822517,9.107567,-81.8189797717767,9.1118850475027,-81.7818114465642,9.10337161911821,4.49859028343895,4.19283034563314,-81.7818114465642,9.10337161911821
"6945","gbif7251",-81.822517,9.107567,-81.8189797717767,9.1118850475027,-81.7818114465642,9.10337161911821,4.49859028343895,4.19283034563314,-81.7818114465642,9.10337161911821
"6946","gbif7252",-81.822517,9.107567,-81.8189797717767,9.1118850475027,-81.7818114465642,9.10337161911821,4.49859028343895,4.19283034563314,-81.7818114465642,9.10337161911821
"6947","gbif7253",-81.822517,9.107567,-81.8189797717767,9.1118850475027,-81.7818114465642,9.10337161911821,4.49859028343895,4.19283034563314,-81.7818114465642,9.10337161911821
"6948","gbif7254",-81.822517,9.107567,-81.8189797717767,9.1118850475027,-81.7818114465642,9.10337161911821,4.49859028343895,4.19283034563314,-81.7818114465642,9.10337161911821
"6949","gbif7255",-81.822517,9.107567,-81.8189797717767,9.1118850475027,-81.7818114465642,9.10337161911821,4.49859028343895,4.19283034563314,-81.7818114465642,9.10337161911821
"6950","gbif7256",-81.822517,9.107567,-81.8189797717767,9.1118850475027,-81.7818114465642,9.10337161911821,4.49859028343895,4.19283034563314,-81.7818114465642,9.10337161911821
"6951","gbif7257",-81.822517,9.107567,-81.8189797717767,9.1118850475027,-81.7818114465642,9.10337161911821,4.49859028343895,4.19283034563314,-81.7818114465642,9.10337161911821
"6952","gbif7258",-81.822517,9.107567,-81.8189797717767,9.1118850475027,-81.7818114465642,9.10337161911821,4.49859028343895,4.19283034563314,-81.7818114465642,9.10337161911821
"6953","gbif7259",-81.822517,9.107567,-81.8189797717767,9.1118850475027,-81.7818114465642,9.10337161911821,4.49859028343895,4.19283034563314,-81.7818114465642,9.10337161911821
"6954","gbif726",-69.04364,12.350877,NA,NA,NA,NA,NA,NA,-69.04364,12.350877
"6955","gbif7260",-81.822517,9.107567,-81.8189797717767,9.1118850475027,-81.7818114465642,9.10337161911821,4.49859028343895,4.19283034563314,-81.7818114465642,9.10337161911821
"6956","gbif7261",-81.822517,9.107567,-81.8189797717767,9.1118850475027,-81.7818114465642,9.10337161911821,4.49859028343895,4.19283034563314,-81.7818114465642,9.10337161911821
"6957","gbif7262",-78.870499,9.574984,NA,NA,NA,NA,NA,NA,-78.870499,9.574984
"6958","gbif7263",-78.036499,9.5165,NA,NA,NA,NA,NA,NA,-78.036499,9.5165
"6959","gbif7264",-78.036499,9.5165,NA,NA,NA,NA,NA,NA,-78.036499,9.5165
"6960","gbif7265",-78.036499,9.5165,NA,NA,NA,NA,NA,NA,-78.036499,9.5165
"6961","gbif7266",-78.036499,9.5165,NA,NA,NA,NA,NA,NA,-78.036499,9.5165
"6962","gbif7267",-82.102783,9.287,-82.1074696850147,9.28596223494773,-82.0485275050935,9.30344572063728,6.23224102795519,6.75836554589418,-82.0485275050935,9.30344572063728
"6963","gbif7268",-78.772301,9.5947,NA,NA,NA,NA,NA,NA,-78.772301,9.5947
"6964","gbif7269",-78.655716,9.51865,NA,NA,NA,NA,NA,NA,-78.655716,9.51865
"6965","gbif727",-69.138305,12.312408,-69.1176809498626,12.310662911353,-69.1127986664197,12.3712486105965,7.07568370143889,6.72324517570339,-69.1127986664197,12.3712486105965
"6966","gbif7270",-78.772301,9.5947,NA,NA,NA,NA,NA,NA,-78.772301,9.5947
"6967","gbif7271",-78.728081,9.488684,NA,NA,NA,NA,NA,NA,-78.728081,9.488684
"6968","gbif7272",-82.324165,9.423317,NA,NA,NA,NA,NA,NA,-82.324165,9.423317
"6969","gbif7273",-82.324165,9.423317,NA,NA,NA,NA,NA,NA,-82.324165,9.423317
"6970","gbif7274",-82.324165,9.423317,NA,NA,NA,NA,NA,NA,-82.324165,9.423317
"6971","gbif7275",-82.324165,9.423317,NA,NA,NA,NA,NA,NA,-82.324165,9.423317
"6972","gbif7276",-78.879982,9.584,NA,NA,NA,NA,NA,NA,-78.879982,9.584
"6973","gbif7277",-82.324165,9.423317,NA,NA,NA,NA,NA,NA,-82.324165,9.423317
"6974","gbif7278",-82.324165,9.423317,NA,NA,NA,NA,NA,NA,-82.324165,9.423317
"6975","gbif7279",-78.870201,9.5602,NA,NA,NA,NA,NA,NA,-78.870201,9.5602
"6976","gbif728",-69.077885,12.277572,-69.0938498062652,12.2914828974594,-69.0461196517874,12.3045572434235,4.56642814641588,5.38983707344861,-69.0461196517874,12.3045572434235
"6977","gbif7280",-78.877731,9.561816,NA,NA,NA,NA,NA,NA,-78.877731,9.561816
"6978","gbif7281",-82.324165,9.423317,NA,NA,NA,NA,NA,NA,-82.324165,9.423317
"6979","gbif7282",-78.870201,9.5602,NA,NA,NA,NA,NA,NA,-78.870201,9.5602
"6980","gbif7283",-82.324165,9.423317,NA,NA,NA,NA,NA,NA,-82.324165,9.423317
"6981","gbif7284",-82.051666,9.271067,NA,NA,NA,NA,NA,NA,-82.051666,9.271067
"6982","gbif7285",-82.324165,9.423317,NA,NA,NA,NA,NA,NA,-82.324165,9.423317
"6983","gbif7286",-82.324165,9.423317,NA,NA,NA,NA,NA,NA,-82.324165,9.423317
"6984","gbif7287",-82.805,9.738334,NA,NA,NA,NA,NA,NA,-82.805,9.738334
"6985","gbif7288",-82.324165,9.423317,NA,NA,NA,NA,NA,NA,-82.324165,9.423317
"6986","gbif7289",-82.324165,9.423317,NA,NA,NA,NA,NA,NA,-82.324165,9.423317
"6987","gbif729",-69.102496,12.371579,NA,NA,NA,NA,NA,NA,-69.102496,12.371579
"6988","gbif7290",-82.324165,9.423317,NA,NA,NA,NA,NA,NA,-82.324165,9.423317
"6989","gbif7291",-78.728081,9.488684,NA,NA,NA,NA,NA,NA,-78.728081,9.488684
"6990","gbif7292",-82.805,9.738334,NA,NA,NA,NA,NA,NA,-82.805,9.738334
"6991","gbif7293",-82.805,9.738334,NA,NA,NA,NA,NA,NA,-82.805,9.738334
"6992","gbif7294",-82.324165,9.423317,NA,NA,NA,NA,NA,NA,-82.324165,9.423317
"6993","gbif7295",-82.805,9.738334,NA,NA,NA,NA,NA,NA,-82.805,9.738334
"6994","gbif7296",-82.324165,9.423317,NA,NA,NA,NA,NA,NA,-82.324165,9.423317
"6995","gbif7297",-82.805,9.738334,NA,NA,NA,NA,NA,NA,-82.805,9.738334
"6996","gbif7298",-82.805,9.738334,NA,NA,NA,NA,NA,NA,-82.805,9.738334
"6997","gbif7299",-82.805,9.738334,NA,NA,NA,NA,NA,NA,-82.805,9.738334
"6998","gbif73",-91.964483,20.204325,NA,NA,NA,NA,NA,NA,-91.964483,20.204325
"6999","gbif730",-68.967248,12.067479,NA,NA,NA,NA,NA,NA,-68.967248,12.067479
"7000","gbif7300",-82.805,9.738334,NA,NA,NA,NA,NA,NA,-82.805,9.738334
"7001","gbif7301",-82.805,9.738334,NA,NA,NA,NA,NA,NA,-82.805,9.738334
"7002","gbif7302",-82.805,9.738334,NA,NA,NA,NA,NA,NA,-82.805,9.738334
"7003","gbif7303",-82.805,9.738334,NA,NA,NA,NA,NA,NA,-82.805,9.738334
"7004","gbif7304",-82.805,9.738334,NA,NA,NA,NA,NA,NA,-82.805,9.738334
"7005","gbif7305",-82.805,9.738334,NA,NA,NA,NA,NA,NA,-82.805,9.738334
"7006","gbif7306",-82.805,9.738334,NA,NA,NA,NA,NA,NA,-82.805,9.738334
"7007","gbif7307",-82.805,9.738334,NA,NA,NA,NA,NA,NA,-82.805,9.738334
"7008","gbif7308",-82.805,9.738334,NA,NA,NA,NA,NA,NA,-82.805,9.738334
"7009","gbif7309",-76.200455,9.39224,NA,NA,NA,NA,NA,NA,-76.200455,9.39224
"7010","gbif731",-61.126815,14.5569,NA,NA,NA,NA,NA,NA,-61.126815,14.5569
"7011","gbif7310",-76.744408,8.06817,-76.766412488822,8.06480487495037,-76.766412488822,8.06480487495037,2.45383836646157,0,-76.766412488822,8.06480487495037
"7012","gbif7313",-86.744717,21.113141,NA,NA,NA,NA,NA,NA,-86.744717,21.113141
"7013","gbif7314",-77.038157,26.599048,NA,NA,NA,NA,NA,NA,-77.038157,26.599048
"7014","gbif7315",-77.191047,26.548496,NA,NA,NA,NA,NA,NA,-77.191047,26.548496
"7015","gbif7316",-86.992152,20.813358,-86.9654414574021,20.7899020791409,-86.9160955732543,20.7743608743979,9.01898419378644,5.41836780872913,-86.9160955732543,20.7743608743979
"7016","gbif7317",-69.767958,18.5603,-69.7795888127431,18.5028656723826,-69.7795888127431,18.440163023342,13.3540545057067,6.94026926965804,-69.7795888127431,18.440163023342
"7017","gbif7318",-97.265033,21.083385,NA,NA,NA,NA,NA,NA,-97.265033,21.083385
"7018","gbif7319",-97.353893,21.100641,-97.3595236235246,21.098966966481,-97.3180218558992,21.1078177102631,3.81070398487546,4.42192367470298,-97.3180218558992,21.1078177102631
"7019","gbif732",-61.436173,12.488984,-61.4249213570335,12.4817741248475,-61.4447119837007,12.4379399777696,5.72254626599376,5.30502262773809,-61.4447119837007,12.4379399777696
"7020","gbif7320",-82.759964,9.763116,NA,NA,NA,NA,NA,NA,-82.759964,9.763116
"7021","gbif7321",-62.438764,17.221681,NA,NA,NA,NA,NA,NA,-62.438764,17.221681
"7022","gbif7322",-62.427965,17.321353,NA,NA,NA,NA,NA,NA,-62.427965,17.321353
"7023","gbif7323",-79.99915,15.80542,NA,NA,NA,NA,NA,NA,-79.99915,15.80542
"7024","gbif7324",-79.83067,15.83396,NA,NA,NA,NA,NA,NA,-79.83067,15.83396
"7025","gbif7325",-79.83888,15.82253,NA,NA,NA,NA,NA,NA,-79.83888,15.82253
"7026","gbif7326",-60.93,10.84,-60.92986307471,10.8402231318298,-60.911279866642,10.8373471656169,2.06790687478326,2.05675889181823,-60.911279866642,10.8373471656169
"7027","gbif7327",-68.821589,18.374992,NA,NA,NA,NA,NA,NA,-68.821589,18.374992
"7028","gbif7328",-68.964836,18.21035,NA,NA,NA,NA,NA,NA,-68.964836,18.21035
"7029","gbif7329",-97.06514,21.088155,NA,NA,NA,NA,NA,NA,-97.06514,21.088155
"7030","gbif733",-80.259233,25.14393,NA,NA,NA,NA,NA,NA,-80.259233,25.14393
"7031","gbif7330",-97.26145,21.112402,NA,NA,NA,NA,NA,NA,-97.26145,21.112402
"7032","gbif7331",-97.267074,21.143742,NA,NA,NA,NA,NA,NA,-97.267074,21.143742
"7033","gbif7332",-97.216431,21.446042,NA,NA,NA,NA,NA,NA,-97.216431,21.446042
"7034","gbif7333",-88.197802,16.922759,NA,NA,NA,NA,NA,NA,-88.197802,16.922759
"7035","gbif7334",-88.127695,16.949558,NA,NA,NA,NA,NA,NA,-88.127695,16.949558
"7036","gbif7335",-68.304496,12.389324,NA,NA,NA,NA,NA,NA,-68.304496,12.389324
"7037","gbif7336",-74.127632,11.328933,-74.1363794452448,11.3598693986903,-74.1363794452448,11.3598693986903,3.55278707157489,0,-74.1363794452448,11.3598693986903
"7038","gbif7337",-79.005,20.846,NA,NA,NA,NA,NA,NA,-79.005,20.846
"7039","gbif7338",-78.983,20.832,NA,NA,NA,NA,NA,NA,-78.983,20.832
"7040","gbif7339",-78.978,20.831,NA,NA,NA,NA,NA,NA,-78.978,20.831
"7041","gbif734",-80.418636,24.867619,NA,NA,NA,NA,NA,NA,-80.418636,24.867619
"7042","gbif7340",-78.915,20.777,NA,NA,NA,NA,NA,NA,-78.915,20.777
"7043","gbif7341",-79.1,20.9,NA,NA,NA,NA,NA,NA,-79.1,20.9
"7044","gbif7342",-78.978,20.831,NA,NA,NA,NA,NA,NA,-78.978,20.831
"7045","gbif7343",-79.055,20.863,NA,NA,NA,NA,NA,NA,-79.055,20.863
"7046","gbif7344",-79.1,20.9,NA,NA,NA,NA,NA,NA,-79.1,20.9
"7047","gbif7345",-66.664,11.947,NA,NA,NA,NA,NA,NA,-66.664,11.947
"7048","gbif7346",-79.005,20.846,NA,NA,NA,NA,NA,NA,-79.005,20.846
"7049","gbif7347",-78.902,20.772,NA,NA,NA,NA,NA,NA,-78.902,20.772
"7050","gbif7348",-78.915,20.777,NA,NA,NA,NA,NA,NA,-78.915,20.777
"7051","gbif7349",-66.931,11.819,NA,NA,NA,NA,NA,NA,-66.931,11.819
"7052","gbif735",-81.566646,24.477335,NA,NA,NA,NA,NA,NA,-81.566646,24.477335
"7053","gbif7350",-66.664,11.947,NA,NA,NA,NA,NA,NA,-66.664,11.947
"7054","gbif7351",-82.24,9.338,-82.2170342800584,9.35987735832817,-82.1818855343582,9.37013708781031,7.30662424344761,4.02422900059502,-82.1818855343582,9.37013708781031
"7055","gbif7352",-66.931,11.819,NA,NA,NA,NA,NA,NA,-66.931,11.819
"7056","gbif7353",-64.548641,18.508115,-64.5650158148922,18.5456234356269,-64.5650158148922,18.5456234356269,4.49727429632936,0,-64.5650158148922,18.5456234356269
"7057","gbif7354",-97.309594,21.555742,NA,NA,NA,NA,NA,NA,-97.309594,21.555742
"7058","gbif7355",-87.39202,20.591359,-87.2636322655464,20.4873468533139,-87.249490646416,20.4409040385328,22.3259871353419,5.34919391517285,-87.249490646416,20.4409040385328
"7059","gbif7356",-87.603906,18.855188,NA,NA,NA,NA,NA,NA,-87.603906,18.855188
"7060","gbif7357",-86.48239,15.888568,NA,NA,NA,NA,NA,NA,-86.48239,15.888568
"7061","gbif7358",-68.93929,12.027329,NA,NA,NA,NA,NA,NA,-68.93929,12.027329
"7062","gbif7359",-87.319435,18.455739,NA,NA,NA,NA,NA,NA,-87.319435,18.455739
"7063","gbif736",-67.26688,18.35072,NA,NA,NA,NA,NA,NA,-67.26688,18.35072
"7064","gbif7360",-87.301591,20.578885,-87.2374982229622,20.5159840916066,-87.1828116317837,20.5075954057058,14.6874589616604,5.77918006709699,-87.1828116317837,20.5075954057058
"7065","gbif7361",-86.960058,20.741826,-86.9889575250907,20.7664303511737,-86.9827745878866,20.7076695072249,4.46081568383033,6.53740574717665,-86.9827745878866,20.7076695072249
"7066","gbif7362",-87.305121,20.465104,-87.2928739244397,20.4553140287793,-87.249490646416,20.4409040385328,6.39316454668788,4.79981919195088,-87.249490646416,20.4409040385328
"7067","gbif7363",-86.948431,20.945845,-86.892757918133,20.907743608744,-86.849416558622,20.907743608744,11.1299638705986,4.50898367805427,-86.849416558622,20.907743608744
"7068","gbif7364",-87.741967,18.65675,-87.7738886128342,18.6600181746708,-87.7162437488424,18.6402371248611,3.27214629742046,6.46420830725161,-87.7162437488424,18.6402371248611
"7069","gbif7365",-87.630104,18.691672,NA,NA,NA,NA,NA,NA,-87.630104,18.691672
"7070","gbif7366",-87.685904,18.989165,-87.6476113089672,18.9868811784365,-87.5828857195777,18.9736939607262,10.9825418320213,6.97044277377927,-87.5828857195777,18.9736939607262
"7071","gbif7367",-87.606181,18.9852,-87.6475579326059,18.9876868374799,-87.5828857195777,18.9736939607262,2.76401977561329,6.98416476185992,-87.5828857195777,18.9736939607262
"7072","gbif7368",-86.879513,20.861208,-86.9049219361098,20.8681399482192,-86.849416558622,20.841052241571,3.84584826957684,6.50858396643676,-86.849416558622,20.841052241571
"7073","gbif7369",-96.174165,19.246669,-96.1748558919669,19.2449090147164,-96.1177995925171,19.2404594294183,5.96586983436047,6.01899797441806,-96.1177995925171,19.2404594294183
"7074","gbif737",-67.26688,18.35072,NA,NA,NA,NA,NA,NA,-67.26688,18.35072
"7075","gbif7370",-87.20238,20.415026,NA,NA,NA,NA,NA,NA,-87.20238,20.415026
"7076","gbif7371",-81.421032,24.460907,NA,NA,NA,NA,NA,NA,-81.421032,24.460907
"7077","gbif7372",-96.060338,19.357519,NA,NA,NA,NA,NA,NA,-96.060338,19.357519
"7078","gbif7373",-96.183894,19.380666,NA,NA,NA,NA,NA,NA,-96.183894,19.380666
"7079","gbif7374",-96.098319,19.084946,-96.0857365460049,19.1038421452922,-96.0511205778848,19.1070766950723,5.53801623075956,3.6600381541945,-96.0511205778848,19.1070766950723
"7080","gbif7375",-96.158579,19.032109,-96.0911279866642,19.1070766950723,-96.0511205778848,19.1070766950723,14.0275771581101,4.2097603727998,-96.0511205778848,19.1070766950723
"7081","gbif7376",-96.032409,19.138337,NA,NA,NA,NA,NA,NA,-96.032409,19.138337
"7082","gbif7377",-96.013216,19.168697,NA,NA,NA,NA,NA,NA,-96.013216,19.168697
"7083","gbif7378",-65.212701,18.280628,NA,NA,NA,NA,NA,NA,-65.212701,18.280628
"7084","gbif7379",-65.32062,18.276076,-65.3120948323764,18.3003262857211,-65.3120948323764,18.2400889218229,4.08390298951043,6.66725637854587,-65.3120948323764,18.2400889218229
"7085","gbif738",-66.87385,17.93657,NA,NA,NA,NA,NA,NA,-66.87385,17.93657
"7086","gbif7380",-82.253454,9.58223,NA,NA,NA,NA,NA,NA,-82.253454,9.58223
"7087","gbif7381",-96.031576,19.308102,NA,NA,NA,NA,NA,NA,-96.031576,19.308102
"7088","gbif7382",-96.182695,19.37853,NA,NA,NA,NA,NA,NA,-96.182695,19.37853
"7089","gbif7383",-67.243091,18.202053,NA,NA,NA,NA,NA,NA,-67.243091,18.202053
"7090","gbif7384",-80.238469,25.056498,NA,NA,NA,NA,NA,NA,-80.238469,25.056498
"7091","gbif7385",-86.835168,20.900389,NA,NA,NA,NA,NA,NA,-86.835168,20.900389
"7092","gbif7386",-68.354763,12.047922,NA,NA,NA,NA,NA,NA,-68.354763,12.047922
"7093","gbif7387",-68.374634,12.174073,NA,NA,NA,NA,NA,NA,-68.374634,12.174073
"7094","gbif7388",-97.373777,21.172201,NA,NA,NA,NA,NA,NA,-97.373777,21.172201
"7095","gbif7389",-87.829211,18.320656,NA,NA,NA,NA,NA,NA,-87.829211,18.320656
"7096","gbif739",-67.3299,18.0017,NA,NA,NA,NA,NA,NA,-67.3299,18.0017
"7097","gbif7390",-64.468282,18.438494,-64.4674472418489,18.4333239759433,-64.4452676421559,18.373471656169,7.59667156599168,7.02702159750649,-64.4452676421559,18.373471656169
"7098","gbif7391",-67.230905,18.353808,NA,NA,NA,NA,NA,NA,-67.230905,18.353808
"7099","gbif7392",-65.356726,18.264938,NA,NA,NA,NA,NA,NA,-65.356726,18.264938
"7100","gbif7393",-86.304987,16.240659,NA,NA,NA,NA,NA,NA,-86.304987,16.240659
"7101","gbif7394",-86.929655,16.05712,NA,NA,NA,NA,NA,NA,-86.929655,16.05712
"7102","gbif7395",-68.331268,12.249118,-68.3227950614678,12.2580671322128,-68.3126504908316,12.3045572434235,6.45867382311994,5.25998187529846,-68.3126504908316,12.3045572434235
"7103","gbif7396",-64.481156,18.228472,NA,NA,NA,NA,NA,NA,-64.481156,18.228472
"7104","gbif7397",-87.895471,18.281319,NA,NA,NA,NA,NA,NA,-87.895471,18.281319
"7105","gbif7398",-87.776564,18.479568,-87.7922247389133,18.4917517764087,-87.7829227634747,18.440163023342,4.41296233625056,5.79402711998697,-87.7829227634747,18.440163023342
"7106","gbif7399",-64.971864,18.331233,NA,NA,NA,NA,NA,NA,-64.971864,18.331233
"7107","gbif74",-91.972778,20.219222,NA,NA,NA,NA,NA,NA,-91.972778,20.219222
"7108","gbif740",-66.0517,18.46222,NA,NA,NA,NA,NA,NA,-66.0517,18.46222
"7109","gbif7400",-65.00761,18.36487,-65.0074951834427,18.3649273247439,-65.045378773847,18.373471656169,4.10346803925059,4.11380813021812,-65.045378773847,18.373471656169
"7110","gbif7401",-64.90062,18.4003,-64.9120207445823,18.3854979682822,-64.9120207445823,18.440163023342,4.57368215180435,6.05058714661597,-64.9120207445823,18.440163023342
"7111","gbif7402",-86.907106,20.893182,-86.8980049786425,20.8906628833705,-86.849416558622,20.907743608744,6.21471399124222,5.39727996345745,-86.849416558622,20.907743608744
"7112","gbif7403",-87.790721,17.24116,NA,NA,NA,NA,NA,NA,-87.790721,17.24116
"7113","gbif7404",-87.208464,20.411013,NA,NA,NA,NA,NA,NA,-87.208464,20.411013
"7114","gbif7405",-80.37,25.02,NA,NA,NA,NA,NA,NA,-80.37,25.02
"7115","gbif7406",-67.2433,18.1383,NA,NA,NA,NA,NA,NA,-67.2433,18.1383
"7116","gbif7407",-67.2433,18.1383,NA,NA,NA,NA,NA,NA,-67.2433,18.1383
"7117","gbif7408",-64.6067,17.7633,NA,NA,NA,NA,NA,NA,-64.6067,17.7633
"7118","gbif7409",-84.33,22.5,NA,NA,NA,NA,NA,NA,-84.33,22.5
"7119","gbif741",-67.26688,18.35072,NA,NA,NA,NA,NA,NA,-67.26688,18.35072
"7120","gbif7410",-64.6067,17.7633,NA,NA,NA,NA,NA,NA,-64.6067,17.7633
"7121","gbif7411",-88.58,17.58,-88.2663456195592,17.5731752500926,-88.2496758659011,17.5731752500926,35.0736521702262,1.76960907605102,-88.2496758659011,17.5731752500926
"7122","gbif7412",-64.9142,18.3175,-64.9200222263382,18.3067802889959,-64.9786997592147,18.3067802889959,6.92118436537099,6.20341126878086,-64.9786997592147,18.3067802889959
"7123","gbif7413",-64.6067,17.7633,NA,NA,NA,NA,NA,NA,-64.6067,17.7633
"7124","gbif7414",-64.6067,17.7633,NA,NA,NA,NA,NA,NA,-64.6067,17.7633
"7125","gbif7415",-81.58,24.67,NA,NA,NA,NA,NA,NA,-81.58,24.67
"7126","gbif7416",-80.37,25.02,NA,NA,NA,NA,NA,NA,-80.37,25.02
"7127","gbif7417",-81.58,24.67,NA,NA,NA,NA,NA,NA,-81.58,24.67
"7128","gbif7418",-64.6067,17.7633,NA,NA,NA,NA,NA,NA,-64.6067,17.7633
"7129","gbif7419",-64.6067,17.7633,NA,NA,NA,NA,NA,NA,-64.6067,17.7633
"7130","gbif742",-66.0517,18.46222,NA,NA,NA,NA,NA,NA,-66.0517,18.46222
"7131","gbif7420",-83.9167,17.4167,NA,NA,NA,NA,NA,NA,-83.9167,17.4167
"7132","gbif7421",-67.2433,18.1383,NA,NA,NA,NA,NA,NA,-67.2433,18.1383
"7133","gbif7422",-81.77,24.55,NA,NA,NA,NA,NA,NA,-81.77,24.55
"7134","gbif7423",-77.68,24.33,-77.7132764577402,24.3278522487194,-77.7143915539915,24.3756947017414,6.1477790824978,5.30040057534738,-77.7143915539915,24.3756947017414
"7135","gbif7424",-66.7578,17.9667,NA,NA,NA,NA,NA,NA,-66.7578,17.9667
"7136","gbif7425",-64.6067,17.7633,NA,NA,NA,NA,NA,NA,-64.6067,17.7633
"7137","gbif7426",-82.9533,14.3072,NA,NA,NA,NA,NA,NA,-82.9533,14.3072
"7138","gbif7427",-81.58,24.67,NA,NA,NA,NA,NA,NA,-81.58,24.67
"7139","gbif7428",-81.58,24.67,NA,NA,NA,NA,NA,NA,-81.58,24.67
"7140","gbif7429",-81.840833,12.192267,NA,NA,NA,NA,NA,NA,-81.840833,12.192267
"7141","gbif743",-67.26688,18.35072,NA,NA,NA,NA,NA,NA,-67.26688,18.35072
"7142","gbif7430",-86.67963,16.245396,NA,NA,NA,NA,NA,NA,-86.67963,16.245396
"7143","gbif7431",-87.842315,18.374315,-87.8477180093921,18.3751540169916,-87.7829227634747,18.373471656169,6.27724113054403,6.8500496701875,-87.7829227634747,18.373471656169
"7144","gbif7432",-81.593484,24.588841,NA,NA,NA,NA,NA,NA,-81.593484,24.588841
"7145","gbif7433",-87.898289,17.21031,-87.9162807927394,17.2371132826973,-87.9162807927394,17.1730270470545,4.54840067958168,7.09248718821508,-87.9162807927394,17.1730270470545
"7146","gbif7434",-82.970354,21.676096,-83.0125971750433,21.6477454519734,-83.0487127245786,21.6413486476473,8.97696275732275,3.8050933153413,-83.0487127245786,21.6413486476473
"7147","gbif7435",-68.80126,12.101993,-68.8366791571088,12.1044831419044,-68.779403593258,12.1044831419044,2.39520380983301,6.23504953061765,-68.779403593258,12.1044831419044
"7148","gbif7436",-64.696077,18.226722,NA,NA,NA,NA,NA,NA,-64.696077,18.226722
"7149","gbif7437",-82.533592,23.023444,-82.5373673314233,23.0489590368257,-82.5152806075199,23.1085587254539,9.61096853313772,6.97755403585265,-82.5152806075199,23.1085587254539
"7150","gbif7438",-68.996239,12.128578,NA,NA,NA,NA,NA,NA,-68.996239,12.128578
"7151","gbif7439",-82.00032,9.382898,NA,NA,NA,NA,NA,NA,-82.00032,9.382898
"7152","gbif744",-66.87385,17.93657,NA,NA,NA,NA,NA,NA,-66.87385,17.93657
"7153","gbif7440",-67.903826,18.056677,NA,NA,NA,NA,NA,NA,-67.903826,18.056677
"7154","gbif7441",-67.960334,18.06899,NA,NA,NA,NA,NA,NA,-67.960334,18.06899
"7155","gbif7442",-81.185631,19.335513,NA,NA,NA,NA,NA,NA,-81.185631,19.335513
"7156","gbif7443",-74.568074,23.834189,NA,NA,NA,NA,NA,NA,-74.568074,23.834189
"7157","gbif7444",-64.681668,18.260312,NA,NA,NA,NA,NA,NA,-64.681668,18.260312
"7158","gbif7445",-68.867511,12.026302,NA,NA,NA,NA,NA,NA,-68.867511,12.026302
"7159","gbif7446",-68.953072,12.145145,-68.9555062175321,12.1425363719064,-68.979440637155,12.1044831419044,5.33585323542044,4.9505320767365,-68.979440637155,12.1044831419044
"7160","gbif7447",-68.851128,12.113149,-68.8396368166679,12.116021276229,-68.8460826078903,12.1711745090774,6.44237851197735,6.14139720354647,-68.8460826078903,12.1711745090774
"7161","gbif7448",-68.929445,12.001867,NA,NA,NA,NA,NA,NA,-68.929445,12.001867
"7162","gbif7449",-68.857351,12.135811,-68.8505900149387,12.1445452041347,-68.8505900149387,12.1445452041347,1.21453151969421,0,-68.8505900149387,12.1445452041347
"7163","gbif745",-66.0517,18.46222,NA,NA,NA,NA,NA,NA,-66.0517,18.46222
"7164","gbif7450",-68.937806,12.124476,-68.9371580579228,12.1252601838332,-68.979440637155,12.1044831419044,5.04302564048334,5.14466580081444,-68.979440637155,12.1044831419044
"7165","gbif7451",-68.956922,12.015565,NA,NA,NA,NA,NA,NA,-68.956922,12.015565
"7166","gbif7452",-68.95675,12.177105,-68.9568073467135,12.1764268956488,-68.979440637155,12.2378658762505,7.16071695678868,7.22904913183779,-68.979440637155,12.2378658762505
"7167","gbif7453",-68.961165,12.033449,NA,NA,NA,NA,NA,NA,-68.961165,12.033449
"7168","gbif7454",-68.830356,12.084343,-68.8390798610377,12.1034220536493,-68.779403593258,12.1044831419044,5.97761080995166,6.49746461049278,-68.779403593258,12.1044831419044
"7169","gbif7455",-68.802796,12.143114,NA,NA,NA,NA,NA,NA,-68.802796,12.143114
"7170","gbif7456",-68.852741,12.17859,NA,NA,NA,NA,NA,NA,-68.852741,12.17859
"7171","gbif7457",-68.804574,12.073271,-68.8366791571088,12.1044831419044,-68.779403593258,12.1044831419044,4.40796347633403,6.23504953061765,-68.779403593258,12.1044831419044
"7172","gbif7458",-88.038677,16.528759,NA,NA,NA,NA,NA,NA,-88.038677,16.528759
"7173","gbif7459",-80.489908,25.19802,NA,NA,NA,NA,NA,NA,-80.489908,25.19802
"7174","gbif746",-67.32993,18.00138,NA,NA,NA,NA,NA,NA,-67.32993,18.00138
"7175","gbif7460",-67.335739,18.340378,NA,NA,NA,NA,NA,NA,-67.335739,18.340378
"7176","gbif7461",-87.889893,18.278859,NA,NA,NA,NA,NA,NA,-87.889893,18.278859
"7177","gbif7462",-87.9699,17.885,NA,NA,NA,NA,NA,NA,-87.9699,17.885
"7178","gbif7463",-64.736667,17.74,NA,NA,NA,NA,NA,NA,-64.736667,17.74
"7179","gbif7464",-64.736667,17.74,NA,NA,NA,NA,NA,NA,-64.736667,17.74
"7180","gbif7465",-91.383333,19.1,NA,NA,NA,NA,NA,NA,-91.383333,19.1
"7181","gbif7466",-95.943333,19.1,NA,NA,NA,NA,NA,NA,-95.943333,19.1
"7182","gbif7467",-91.383333,22.116667,NA,NA,NA,NA,NA,NA,-91.383333,22.116667
"7183","gbif7468",-64.736667,17.736667,-64.7396373605025,17.7124365685766,-64.7119837006853,17.7732493516117,4.8213125674467,7.34180948843216,-64.7119837006853,17.7732493516117
"7184","gbif7469",-64.736667,17.736667,-64.7396373605025,17.7124365685766,-64.7119837006853,17.7732493516117,4.8213125674467,7.34180948843216,-64.7119837006853,17.7732493516117
"7185","gbif747",-67.32993,18.00138,NA,NA,NA,NA,NA,NA,-67.32993,18.00138
"7186","gbif7470",-87.012169,20.339144,NA,NA,NA,NA,NA,NA,-87.012169,20.339144
"7187","gbif7471",-87.756717,18.221959,NA,NA,NA,NA,NA,NA,-87.756717,18.221959
"7188","gbif7472",-68.827771,12.169673,NA,NA,NA,NA,NA,NA,-68.827771,12.169673
"7189","gbif7473",-86.912783,20.886163,-86.9004395144216,20.8827363741838,-86.849416558622,20.907743608744,7.01234244718337,5.98718298855068,-86.849416558622,20.907743608744
"7190","gbif7474",-74.134778,11.327231,-74.1434850668586,11.3579429532714,-74.1434850668586,11.3579429532714,3.52769067283355,0,-74.1434850668586,11.3579429532714
"7191","gbif7475",-74.082781,11.332496,-74.0852156038081,11.3679918566892,-74.0852156038081,11.3679918566892,3.93540650070845,0,-74.0852156038081,11.3679918566892
"7192","gbif7476",-81.680556,12.508333,NA,NA,NA,NA,NA,NA,-81.680556,12.508333
"7193","gbif7477",-81.69728,12.59189,NA,NA,NA,NA,NA,NA,-81.69728,12.59189
"7194","gbif7478",-82.877037,24.643629,NA,NA,NA,NA,NA,NA,-82.877037,24.643629
"7195","gbif7479",-81.769696642477,24.5504329679033,NA,NA,NA,NA,NA,NA,-81.769696642477,24.5504329679033
"7196","gbif748",-66.87385,17.93657,NA,NA,NA,NA,NA,NA,-66.87385,17.93657
"7197","gbif7480",-81.769696642477,24.5504329679033,NA,NA,NA,NA,NA,NA,-81.769696642477,24.5504329679033
"7198","gbif7481",-87.782828,18.611114,-87.7775919357758,18.6107143081479,-87.7162437488424,18.6402371248611,7.73047115056762,7.25176952536628,-87.7162437488424,18.6402371248611
"7199","gbif7482",-80.391691,25.076966,NA,NA,NA,NA,NA,NA,-80.391691,25.076966
"7200","gbif7483",-86.912557,20.983999,-86.8611060542273,20.949959403355,-86.849416558622,20.907743608744,10.6960328257972,4.82952928134231,-86.849416558622,20.907743608744
"7201","gbif7484",-82.725098,26.495915,NA,NA,NA,NA,NA,NA,-82.725098,26.495915
"7202","gbif7485",-82.984874,24.621604,NA,NA,NA,NA,NA,NA,-82.984874,24.621604
"7203","gbif7486",-82.872962,24.62834,NA,NA,NA,NA,NA,NA,-82.872962,24.62834
"7204","gbif7487",-79.8389,19.7127,NA,NA,NA,NA,NA,NA,-79.8389,19.7127
"7205","gbif7488",-86.728759,20.83077,NA,NA,NA,NA,NA,NA,-86.728759,20.83077
"7206","gbif7489",-86.855187,20.982975,-86.8456401744843,20.980167665645,-86.7827375439896,20.974434975917,7.59277073911304,6.57172373420674,-86.7827375439896,20.974434975917
"7207","gbif749",-66.87385,17.93657,NA,NA,NA,NA,NA,NA,-66.87385,17.93657
"7208","gbif7490",-65.399403,18.239335,NA,NA,NA,NA,NA,NA,-65.399403,18.239335
"7209","gbif7491",-87.24115,19.519564,NA,NA,NA,NA,NA,NA,-87.24115,19.519564
"7210","gbif7492",-87.019652,20.396092,NA,NA,NA,NA,NA,NA,-87.019652,20.396092
"7211","gbif7493",-80.0792,19.6848,NA,NA,NA,NA,NA,NA,-80.0792,19.6848
"7212","gbif7494",-81.49292,24.578896,NA,NA,NA,NA,NA,NA,-81.49292,24.578896
"7213","gbif7495",-88.14775,16.944769,NA,NA,NA,NA,NA,NA,-88.14775,16.944769
"7214","gbif7496",-88.062391,16.644969,NA,NA,NA,NA,NA,NA,-88.062391,16.644969
"7215","gbif7497",-88.07608,16.790478,NA,NA,NA,NA,NA,NA,-88.07608,16.790478
"7216","gbif7498",-82.394276,9.230864,-82.3263567327283,9.30344572063728,-82.3263567327283,9.30344572063728,10.9605867323357,0,-82.3263567327283,9.30344572063728
"7217","gbif7499",-96.038703,19.100587,NA,NA,NA,NA,NA,NA,-96.038703,19.100587
"7218","gbif75",-89.695083,22.381889,NA,NA,NA,NA,NA,NA,-89.695083,22.381889
"7219","gbif750",-66.87385,17.93657,NA,NA,NA,NA,NA,NA,-66.87385,17.93657
"7220","gbif7500",-68.3624,18.6719,NA,NA,NA,NA,NA,NA,-68.3624,18.6719
"7221","gbif7501",-68.4277,18.711,NA,NA,NA,NA,NA,NA,-68.4277,18.711
"7222","gbif7502",-68.417,18.7006,NA,NA,NA,NA,NA,NA,-68.417,18.7006
"7223","gbif7503",-68.417,18.7006,NA,NA,NA,NA,NA,NA,-68.417,18.7006
"7224","gbif7504",-64.5353,18.3694,-64.5473542664062,18.3772462532978,-64.5119466567883,18.373471656169,2.5088147335989,3.76508070824361,-64.5119466567883,18.373471656169
"7225","gbif7505",-81.2409,19.3222,NA,NA,NA,NA,NA,NA,-81.2409,19.3222
"7226","gbif7506",-86.7213,21.1407,NA,NA,NA,NA,NA,NA,-86.7213,21.1407
"7227","gbif7507",-67.1917,18.4627,NA,NA,NA,NA,NA,NA,-67.1917,18.4627
"7228","gbif7508",-66.0498,18.4835,NA,NA,NA,NA,NA,NA,-66.0498,18.4835
"7229","gbif751",-67.3299,18.0017,NA,NA,NA,NA,NA,NA,-67.3299,18.0017
"7230","gbif7510",-82.884056,24.635701,NA,NA,NA,NA,NA,NA,-82.884056,24.635701
"7231","gbif7511",-72.784022,18.419231,NA,NA,NA,NA,NA,NA,-72.784022,18.419231
"7232","gbif7512",-64.962832,11.535072,NA,NA,NA,NA,NA,NA,-64.962832,11.535072
"7233","gbif7513",-82.725098,26.495915,NA,NA,NA,NA,NA,NA,-82.725098,26.495915
"7234","gbif7514",-82.725098,26.495915,NA,NA,NA,NA,NA,NA,-82.725098,26.495915
"7235","gbif7515",-82.725098,26.495915,NA,NA,NA,NA,NA,NA,-82.725098,26.495915
"7236","gbif752",-67.3299,18.0017,NA,NA,NA,NA,NA,NA,-67.3299,18.0017
"7237","gbif753",-67.32993,18.00138,NA,NA,NA,NA,NA,NA,-67.32993,18.00138
"7238","gbif754",-67.26688,18.35072,NA,NA,NA,NA,NA,NA,-67.26688,18.35072
"7239","gbif755",-67.32993,18.00138,NA,NA,NA,NA,NA,NA,-67.32993,18.00138
"7240","gbif756",-67.3299,18.0017,NA,NA,NA,NA,NA,NA,-67.3299,18.0017
"7241","gbif757",-67.3299,18.0017,NA,NA,NA,NA,NA,NA,-67.3299,18.0017
"7242","gbif758",-67.26688,18.35072,NA,NA,NA,NA,NA,NA,-67.26688,18.35072
"7243","gbif759",-67.26688,18.35072,NA,NA,NA,NA,NA,NA,-67.26688,18.35072
"7244","gbif76",-91.961342,20.209181,NA,NA,NA,NA,NA,NA,-91.961342,20.209181
"7245","gbif760",-67.26688,18.35072,NA,NA,NA,NA,NA,NA,-67.26688,18.35072
"7246","gbif761",-67.26688,18.35072,NA,NA,NA,NA,NA,NA,-67.26688,18.35072
"7247","gbif762",-67.26688,18.35072,NA,NA,NA,NA,NA,NA,-67.26688,18.35072
"7248","gbif763",-67.32993,18.00138,NA,NA,NA,NA,NA,NA,-67.32993,18.00138
"7249","gbif764",-67.26688,18.35072,NA,NA,NA,NA,NA,NA,-67.26688,18.35072
"7250","gbif765",-67.26688,18.35072,NA,NA,NA,NA,NA,NA,-67.26688,18.35072
"7251","gbif766",-67.26688,18.35072,NA,NA,NA,NA,NA,NA,-67.26688,18.35072
"7252","gbif767",-67.26688,18.35072,NA,NA,NA,NA,NA,NA,-67.26688,18.35072
"7253","gbif768",-67.26688,18.35072,NA,NA,NA,NA,NA,NA,-67.26688,18.35072
"7254","gbif769",-66.87385,17.93657,NA,NA,NA,NA,NA,NA,-66.87385,17.93657
"7255","gbif77",-91.961586,20.209586,NA,NA,NA,NA,NA,NA,-91.961586,20.209586
"7256","gbif770",-66.87385,17.93657,NA,NA,NA,NA,NA,NA,-66.87385,17.93657
"7257","gbif771",-66.87385,17.93657,NA,NA,NA,NA,NA,NA,-66.87385,17.93657
"7258","gbif772",-66.87385,17.93657,NA,NA,NA,NA,NA,NA,-66.87385,17.93657
"7259","gbif773",-66.87385,17.93657,NA,NA,NA,NA,NA,NA,-66.87385,17.93657
"7260","gbif774",-67.32993,18.00138,NA,NA,NA,NA,NA,NA,-67.32993,18.00138
"7261","gbif775",-67.32993,18.00138,NA,NA,NA,NA,NA,NA,-67.32993,18.00138
"7262","gbif776",-67.32993,18.00138,NA,NA,NA,NA,NA,NA,-67.32993,18.00138
"7263","gbif777",-67.32993,18.00138,NA,NA,NA,NA,NA,NA,-67.32993,18.00138
"7264","gbif778",-67.32993,18.00138,NA,NA,NA,NA,NA,NA,-67.32993,18.00138
"7265","gbif779",-66.0517,18.46222,NA,NA,NA,NA,NA,NA,-66.0517,18.46222
"7266","gbif78",-91.961644,20.210072,NA,NA,NA,NA,NA,NA,-91.961644,20.210072
"7267","gbif780",-66.87385,17.93657,NA,NA,NA,NA,NA,NA,-66.87385,17.93657
"7268","gbif781",-66.0517,18.46222,NA,NA,NA,NA,NA,NA,-66.0517,18.46222
"7269","gbif782",-66.87385,17.93657,NA,NA,NA,NA,NA,NA,-66.87385,17.93657
"7270","gbif783",-66.87385,17.93657,NA,NA,NA,NA,NA,NA,-66.87385,17.93657
"7271","gbif784",-66.87385,17.93657,NA,NA,NA,NA,NA,NA,-66.87385,17.93657
"7272","gbif785",-66.87385,17.93657,NA,NA,NA,NA,NA,NA,-66.87385,17.93657
"7273","gbif786",-67.26688,18.35072,NA,NA,NA,NA,NA,NA,-67.26688,18.35072
"7274","gbif787",-67.26688,18.35072,NA,NA,NA,NA,NA,NA,-67.26688,18.35072
"7275","gbif788",-67.26688,18.35072,NA,NA,NA,NA,NA,NA,-67.26688,18.35072
"7276","gbif789",-67.26688,18.35072,NA,NA,NA,NA,NA,NA,-67.26688,18.35072
"7277","gbif79",-89.671694,22.3765,NA,NA,NA,NA,NA,NA,-89.671694,22.3765
"7278","gbif790",-67.26688,18.35072,NA,NA,NA,NA,NA,NA,-67.26688,18.35072
"7279","gbif791",-67.32993,18.00138,NA,NA,NA,NA,NA,NA,-67.32993,18.00138
"7280","gbif792",-67.32993,18.00138,NA,NA,NA,NA,NA,NA,-67.32993,18.00138
"7281","gbif793",-67.32993,18.00138,NA,NA,NA,NA,NA,NA,-67.32993,18.00138
"7282","gbif794",-67.32993,18.00138,NA,NA,NA,NA,NA,NA,-67.32993,18.00138
"7283","gbif795",-67.32993,18.00138,NA,NA,NA,NA,NA,NA,-67.32993,18.00138
"7284","gbif796",-66.87385,17.93657,NA,NA,NA,NA,NA,NA,-66.87385,17.93657
"7285","gbif797",-66.87385,17.93657,NA,NA,NA,NA,NA,NA,-66.87385,17.93657
"7286","gbif798",-66.87385,17.93657,NA,NA,NA,NA,NA,NA,-66.87385,17.93657
"7287","gbif799",-66.87385,17.93657,NA,NA,NA,NA,NA,NA,-66.87385,17.93657
"7288","gbif8",-69.148982,12.328182,NA,NA,NA,NA,NA,NA,-69.148982,12.328182
"7289","gbif80",-91.961342,20.209181,NA,NA,NA,NA,NA,NA,-91.961342,20.209181
"7290","gbif800",-66.87385,17.93657,NA,NA,NA,NA,NA,NA,-66.87385,17.93657
"7291","gbif801",-67.26688,18.35072,NA,NA,NA,NA,NA,NA,-67.26688,18.35072
"7292","gbif802",-67.26688,18.35072,NA,NA,NA,NA,NA,NA,-67.26688,18.35072
"7293","gbif803",-67.26688,18.35072,NA,NA,NA,NA,NA,NA,-67.26688,18.35072
"7294","gbif804",-67.26688,18.35072,NA,NA,NA,NA,NA,NA,-67.26688,18.35072
"7295","gbif805",-67.26688,18.35072,NA,NA,NA,NA,NA,NA,-67.26688,18.35072
"7296","gbif806",-66.87385,17.93657,NA,NA,NA,NA,NA,NA,-66.87385,17.93657
"7297","gbif807",-66.87385,17.93657,NA,NA,NA,NA,NA,NA,-66.87385,17.93657
"7298","gbif808",-66.87385,17.93657,NA,NA,NA,NA,NA,NA,-66.87385,17.93657
"7299","gbif809",-66.87385,17.93657,NA,NA,NA,NA,NA,NA,-66.87385,17.93657
"7300","gbif81",-91.394894,22.103539,NA,NA,NA,NA,NA,NA,-91.394894,22.103539
"7301","gbif810",-66.87385,17.93657,NA,NA,NA,NA,NA,NA,-66.87385,17.93657
"7302","gbif811",-67.26688,18.35072,NA,NA,NA,NA,NA,NA,-67.26688,18.35072
"7303","gbif812",-67.26688,18.35072,NA,NA,NA,NA,NA,NA,-67.26688,18.35072
"7304","gbif813",-67.26688,18.35072,NA,NA,NA,NA,NA,NA,-67.26688,18.35072
"7305","gbif814",-67.26688,18.35072,NA,NA,NA,NA,NA,NA,-67.26688,18.35072
"7306","gbif815",-67.26688,18.35072,NA,NA,NA,NA,NA,NA,-67.26688,18.35072
"7307","gbif816",-67.26688,18.35072,NA,NA,NA,NA,NA,NA,-67.26688,18.35072
"7308","gbif817",-67.26688,18.35072,NA,NA,NA,NA,NA,NA,-67.26688,18.35072
"7309","gbif818",-67.26688,18.35072,NA,NA,NA,NA,NA,NA,-67.26688,18.35072
"7310","gbif819",-67.26688,18.35072,NA,NA,NA,NA,NA,NA,-67.26688,18.35072
"7311","gbif82",-91.962194,21.210464,NA,NA,NA,NA,NA,NA,-91.962194,21.210464
"7312","gbif820",-67.26688,18.35072,NA,NA,NA,NA,NA,NA,-67.26688,18.35072
"7313","gbif821",-67.26688,18.35072,NA,NA,NA,NA,NA,NA,-67.26688,18.35072
"7314","gbif822",-67.26688,18.35072,NA,NA,NA,NA,NA,NA,-67.26688,18.35072
"7315","gbif823",-67.26688,18.35072,NA,NA,NA,NA,NA,NA,-67.26688,18.35072
"7316","gbif824",-67.26688,18.35072,NA,NA,NA,NA,NA,NA,-67.26688,18.35072
"7317","gbif825",-67.26688,18.35072,NA,NA,NA,NA,NA,NA,-67.26688,18.35072
"7318","gbif826",-67.26688,18.35072,NA,NA,NA,NA,NA,NA,-67.26688,18.35072
"7319","gbif827",-67.26688,18.35072,NA,NA,NA,NA,NA,NA,-67.26688,18.35072
"7320","gbif828",-67.26688,18.35072,NA,NA,NA,NA,NA,NA,-67.26688,18.35072
"7321","gbif829",-67.26688,18.35072,NA,NA,NA,NA,NA,NA,-67.26688,18.35072
"7322","gbif83",-91.962194,21.210464,NA,NA,NA,NA,NA,NA,-91.962194,21.210464
"7323","gbif830",-67.26688,18.35072,NA,NA,NA,NA,NA,NA,-67.26688,18.35072
"7324","gbif831",-67.26688,18.35072,NA,NA,NA,NA,NA,NA,-67.26688,18.35072
"7325","gbif832",-67.26688,18.35072,NA,NA,NA,NA,NA,NA,-67.26688,18.35072
"7326","gbif833",-67.26688,18.35072,NA,NA,NA,NA,NA,NA,-67.26688,18.35072
"7327","gbif834",-67.26688,18.35072,NA,NA,NA,NA,NA,NA,-67.26688,18.35072
"7328","gbif835",-67.26688,18.35072,NA,NA,NA,NA,NA,NA,-67.26688,18.35072
"7329","gbif836",-67.26688,18.35072,NA,NA,NA,NA,NA,NA,-67.26688,18.35072
"7330","gbif837",-67.26688,18.35072,NA,NA,NA,NA,NA,NA,-67.26688,18.35072
"7331","gbif838",-67.26688,18.35072,NA,NA,NA,NA,NA,NA,-67.26688,18.35072
"7332","gbif839",-67.26688,18.35072,NA,NA,NA,NA,NA,NA,-67.26688,18.35072
"7333","gbif84",-91.972778,20.219222,NA,NA,NA,NA,NA,NA,-91.972778,20.219222
"7334","gbif840",-67.26688,18.35072,NA,NA,NA,NA,NA,NA,-67.26688,18.35072
"7335","gbif841",-67.26688,18.35072,NA,NA,NA,NA,NA,NA,-67.26688,18.35072
"7336","gbif842",-67.27118,18.34652,NA,NA,NA,NA,NA,NA,-67.27118,18.34652
"7337","gbif843",-67.26688,18.35072,NA,NA,NA,NA,NA,NA,-67.26688,18.35072
"7338","gbif844",-67.26688,18.35072,NA,NA,NA,NA,NA,NA,-67.26688,18.35072
"7339","gbif845",-67.26688,18.35072,NA,NA,NA,NA,NA,NA,-67.26688,18.35072
"7340","gbif846",-67.26688,18.35072,NA,NA,NA,NA,NA,NA,-67.26688,18.35072
"7341","gbif847",-67.27118,18.34652,NA,NA,NA,NA,NA,NA,-67.27118,18.34652
"7342","gbif848",-67.27118,18.34652,NA,NA,NA,NA,NA,NA,-67.27118,18.34652
"7343","gbif849",-67.27118,18.34652,NA,NA,NA,NA,NA,NA,-67.27118,18.34652
"7344","gbif85",-91.972778,20.219222,NA,NA,NA,NA,NA,NA,-91.972778,20.219222
"7345","gbif850",-95.871443,19.02639,NA,NA,NA,NA,NA,NA,-95.871443,19.02639
"7346","gbif851",-95.984101,19.169156,NA,NA,NA,NA,NA,NA,-95.984101,19.169156
"7347","gbif852",-95.874275,19.135086,NA,NA,NA,NA,NA,NA,-95.874275,19.135086
"7348","gbif853",-95.815386,19.130902,NA,NA,NA,NA,NA,NA,-95.815386,19.130902
"7349","gbif854",-95.940237,19.146807,NA,NA,NA,NA,NA,NA,-95.940237,19.146807
"7350","gbif855",-95.837692,19.109235,NA,NA,NA,NA,NA,NA,-95.837692,19.109235
"7351","gbif856",-95.979272,19.083193,NA,NA,NA,NA,NA,NA,-95.979272,19.083193
"7352","gbif857",-95.801828,19.127647,NA,NA,NA,NA,NA,NA,-95.801828,19.127647
"7353","gbif858",-95.988084,19.103981,NA,NA,NA,NA,NA,NA,-95.988084,19.103981
"7354","gbif859",-95.836504,19.136859,NA,NA,NA,NA,NA,NA,-95.836504,19.136859
"7355","gbif86",-91.972778,20.219222,NA,NA,NA,NA,NA,NA,-91.972778,20.219222
"7356","gbif860",-95.929883,19.086763,NA,NA,NA,NA,NA,NA,-95.929883,19.086763
"7357","gbif861",-86.597601,16.308405,NA,NA,NA,NA,NA,NA,-86.597601,16.308405
"7358","gbif862",-74.060175,11.331897,-74.0629477030342,11.3695378109223,-74.0629477030342,11.3695378109223,4.17467602520868,0,-74.0629477030342,11.3695378109223
"7359","gbif863",-74.131931,11.328026,-74.140624753157,11.3587184528926,-74.140624753157,11.3587184528926,3.52522139882567,0,-74.140624753157,11.3587184528926
"7360","gbif864",-76.200453,9.392239,NA,NA,NA,NA,NA,NA,-76.200453,9.392239
"7361","gbif865",-76.74441,8.06817,-76.7664125402843,8.06480519522775,-76.7664125402843,8.06480519522775,2.45362069979605,0,-76.7664125402843,8.06480519522775
"7362","gbif866",-74.193186,11.296269,-74.2064082825977,11.2997654131829,-74.2470827931098,11.3041867358281,5.94902994187656,4.46748226614437,-74.2470827931098,11.3041867358281
"7363","gbif867",-74.131931,11.328026,-74.140624753157,11.3587184528926,-74.140624753157,11.3587184528926,3.52522139882567,0,-74.140624753157,11.3587184528926
"7364","gbif868",-73.934541,11.314641,-73.9218701873337,11.3385659101542,-73.9218701873337,11.3385659101542,2.98615055158029,0,-73.9218701873337,11.3385659101542
"7365","gbif869",-75.785158,10.164293,NA,NA,NA,NA,NA,NA,-75.785158,10.164293
"7366","gbif87",-91.97775,20.211556,NA,NA,NA,NA,NA,NA,-91.97775,20.211556
"7367","gbif870",-87.663171,16.653834,NA,NA,NA,NA,NA,NA,-87.663171,16.653834
"7368","gbif871",-59.645352,13.075568,NA,NA,NA,NA,NA,NA,-59.645352,13.075568
"7369","gbif872",-80.105208,21.727418,NA,NA,NA,NA,NA,NA,-80.105208,21.727418
"7370","gbif873",-63.368876,17.622498,NA,NA,NA,NA,NA,NA,-63.368876,17.622498
"7371","gbif874",-86.967716,16.071043,NA,NA,NA,NA,NA,NA,-86.967716,16.071043
"7372","gbif875",-64.676967,18.260663,NA,NA,NA,NA,NA,NA,-64.676967,18.260663
"7373","gbif876",-64.436659,17.673778,NA,NA,NA,NA,NA,NA,-64.436659,17.673778
"7374","gbif877",-86.750219,21.356031,NA,NA,NA,NA,NA,NA,-86.750219,21.356031
"7375","gbif878",-63.041728,18.125305,-62.9980224403386,18.1432331736762,-62.9783293202445,18.1733975546499,8.56376840533557,3.93552867078753,-62.9783293202445,18.1733975546499
"7376","gbif879",-63.180811,18.004253,NA,NA,NA,NA,NA,NA,-63.180811,18.004253
"7377","gbif88",-91.961342,20.209181,NA,NA,NA,NA,NA,NA,-91.961342,20.209181
"7378","gbif880",-63.105047,18.279169,NA,NA,NA,NA,NA,NA,-63.105047,18.279169
"7379","gbif881",-63.19229,18.052668,NA,NA,NA,NA,NA,NA,-63.19229,18.052668
"7380","gbif882",-64.842591,18.351772,NA,NA,NA,NA,NA,NA,-64.842591,18.351772
"7381","gbif883",-64.816399,18.385453,NA,NA,NA,NA,NA,NA,-64.816399,18.385453
"7382","gbif884",-64.903868,18.20389,NA,NA,NA,NA,NA,NA,-64.903868,18.20389
"7383","gbif885",-64.696456,18.360644,-64.6723179513474,18.3325881089217,-64.645304686053,18.3067802889959,8.04844841519412,4.03907781339886,-64.645304686053,18.3067802889959
"7384","gbif886",-64.715766,18.344867,-64.6918855006691,18.3172408720477,-64.645304686053,18.3067802889959,8.55856343076798,5.05866989962798,-64.645304686053,18.3067802889959
"7385","gbif887",-64.681568,18.469828,-64.6861346254584,18.4755939312824,-64.6861346254584,18.4755939312824,0.799959865196031,0,-64.6861346254584,18.4755939312824
"7386","gbif888",-64.534874,18.453393,-64.5119466567883,18.4268247499074,-64.5119466567883,18.373471656169,9.1717410214992,5.9053651315254,-64.5119466567883,18.373471656169
"7387","gbif889",-64.549021,18.264268,NA,NA,NA,NA,NA,NA,-64.549021,18.264268
"7388","gbif89",-91.972778,20.219222,NA,NA,NA,NA,NA,NA,-91.972778,20.219222
"7389","gbif890",-64.481861,18.427923,-64.4823869728651,18.4311432170485,-64.5119466567883,18.373471656169,6.81390096117731,7.10648985868136,-64.5119466567883,18.373471656169
"7390","gbif891",-64.689207,18.369251,-64.6635814729571,18.3394387809108,-64.645304686053,18.3067802889959,8.32732472722415,4.0986837513636,-64.645304686053,18.3067802889959
"7391","gbif892",-64.529905,18.514554,-64.5466651896177,18.5529338360359,-64.5466651896177,18.5529338360359,4.6019322482197,0,-64.5466651896177,18.5529338360359
"7392","gbif893",-64.728755,18.550821,NA,NA,NA,NA,NA,NA,-64.728755,18.550821
"7393","gbif894",-64.472493,18.326411,NA,NA,NA,NA,NA,NA,-64.472493,18.326411
"7394","gbif895",-64.72397,18.414508,-64.7424512648028,18.4171891548579,-64.7786627153176,18.440163023342,6.43816039072547,4.59360454180361,-64.7786627153176,18.440163023342
"7395","gbif896",-64.339308,18.588899,NA,NA,NA,NA,NA,NA,-64.339308,18.588899
"7396","gbif897",-64.368835,18.419405,NA,NA,NA,NA,NA,NA,-64.368835,18.419405
"7397","gbif898",-64.216028,18.42799,NA,NA,NA,NA,NA,NA,-64.216028,18.42799
"7398","gbif899",-95.845906,19.128949,NA,NA,NA,NA,NA,NA,-95.845906,19.128949
"7399","gbif9",-67.034556,18.564664,NA,NA,NA,NA,NA,NA,-67.034556,18.564664
"7400","gbif90",-89.798167,22.545278,NA,NA,NA,NA,NA,NA,-89.798167,22.545278
"7401","gbif900",-95.901405,19.135901,NA,NA,NA,NA,NA,NA,-95.901405,19.135901
"7402","gbif901",-95.888947,19.01982,NA,NA,NA,NA,NA,NA,-95.888947,19.01982
"7403","gbif902",-95.910761,19.142408,NA,NA,NA,NA,NA,NA,-95.910761,19.142408
"7404","gbif903",-95.822132,19.111676,NA,NA,NA,NA,NA,NA,-95.822132,19.111676
"7405","gbif904",-95.846002,19.197904,NA,NA,NA,NA,NA,NA,-95.846002,19.197904
"7406","gbif905",-69.155954,12.393748,NA,NA,NA,NA,NA,NA,-69.155954,12.393748
"7407","gbif906",-67.274519,18.295306,NA,NA,NA,NA,NA,NA,-67.274519,18.295306
"7408","gbif907",-68.910188,12.158841,-68.9091768142696,12.1727634957793,-68.8460826078903,12.1711745090774,7.10911973411673,6.86899090263926,-68.8460826078903,12.1711745090774
"7409","gbif908",-61.318265,13.166342,NA,NA,NA,NA,NA,NA,-61.318265,13.166342
"7410","gbif909",-97.382405,21.141475,NA,NA,NA,NA,NA,NA,-97.382405,21.141475
"7411","gbif91",-91.394894,22.103539,NA,NA,NA,NA,NA,NA,-91.394894,22.103539
"7412","gbif910",-62.52,16.26,NA,NA,NA,NA,NA,NA,-62.52,16.26
"7413","gbif911",-62.52,16.26,NA,NA,NA,NA,NA,NA,-62.52,16.26
"7414","gbif913",-62.52,16.26,NA,NA,NA,NA,NA,NA,-62.52,16.26
"7415","gbif914",-77.349998,18.459999,-77.3518486231807,18.480867915452,-77.3518486231807,18.480867915452,2.31813958111528,0,-77.3518486231807,18.480867915452
"7416","gbif915",-61.349998,15.42,-61.4109620194046,15.3836922524621,-61.4447119837007,15.3723601333827,11.452778726394,3.83419783647878,-61.4447119837007,15.3723601333827
"7417","gbif916",-80.275002,24.905001,NA,NA,NA,NA,NA,NA,-80.275002,24.905001
"7418","gbif917",-81.40507,24.47982,NA,NA,NA,NA,NA,NA,-81.40507,24.47982
"7419","gbif918",-82.867366,24.620716,NA,NA,NA,NA,NA,NA,-82.867366,24.620716
"7420","gbif919",-82.863333,24.625,NA,NA,NA,NA,NA,NA,-82.863333,24.625
"7421","gbif92",-91.961667,20.204722,NA,NA,NA,NA,NA,NA,-91.961667,20.204722
"7422","gbif920",-81.4,24.533333,NA,NA,NA,NA,NA,NA,-81.4,24.533333
"7423","gbif921",-80.166666,25.361666,NA,NA,NA,NA,NA,NA,-80.166666,25.361666
"7424","gbif922",-81.6625,24.4915,NA,NA,NA,NA,NA,NA,-81.6625,24.4915
"7425","gbif923",-81.704166,24.475,NA,NA,NA,NA,NA,NA,-81.704166,24.475
"7426","gbif924",-81.866666,24.75,NA,NA,NA,NA,NA,NA,-81.866666,24.75
"7427","gbif925",-78.566666,26.55,-78.5701055751065,26.5765098184513,-78.5145397295795,26.5765098184513,5.96663668452941,5.53569363545485,-78.5145397295795,26.5765098184513
"7428","gbif926",-80.166667,25.361667,NA,NA,NA,NA,NA,NA,-80.166667,25.361667
"7429","gbif927",-74.5,24,-74.5016316920579,24.0007506509328,-74.4471198370068,23.9755464987032,6.0243061801114,6.20998633973508,-74.4471198370068,23.9755464987032
"7430","gbif928",-80.166667,25.361667,NA,NA,NA,NA,NA,NA,-80.166667,25.361667
"7431","gbif929",-81.056309,24.715596,NA,NA,NA,NA,NA,NA,-81.056309,24.715596
"7432","gbif93",-91.964483,20.204325,NA,NA,NA,NA,NA,NA,-91.964483,20.204325
"7433","gbif930",-86.905839,21.593687,NA,NA,NA,NA,NA,NA,-86.905839,21.593687
"7434","gbif931",-86.805977,21.43321,NA,NA,NA,NA,NA,NA,-86.805977,21.43321
"7435","gbif932",-64.808853,18.256775,NA,NA,NA,NA,NA,NA,-64.808853,18.256775
"7436","gbif933",-64.65529,18.340558,-64.6581005124488,18.3437361702127,-64.645304686053,18.3067802889959,3.88478932616921,4.30825389963286,-64.645304686053,18.3067802889959
"7437","gbif934",-65.10804,18.330802,NA,NA,NA,NA,NA,NA,-65.10804,18.330802
"7438","gbif935",-64.906852,18.281422,-64.9120207445823,18.3020166199121,-64.9120207445823,18.2400889218229,4.60740246304784,6.85434836580573,-64.9120207445823,18.2400889218229
"7439","gbif936",-60.92843,14.4539,-60.929689972963,14.4379427951423,-60.9779588812743,14.4386809929604,5.59949150381148,5.20528986946348,-60.9779588812743,14.4386809929604
"7440","gbif937",-60.89279,14.68665,-60.8889442127781,14.6877953560976,-60.8446008520096,14.7054464616525,5.59119163560606,5.15969601882959,-60.8446008520096,14.7054464616525
"7441","gbif938",-60.92387,14.45646,-60.9253563301393,14.4376077554103,-60.9779588812743,14.4386809929604,6.15476143850011,5.67317602173229,-60.9779588812743,14.4386809929604
"7442","gbif939",-60.89524,14.66691,-60.8831306640516,14.6710155314035,-60.8446008520096,14.6387550944794,6.28177084917908,5.47421949299919,-60.8446008520096,14.6387550944794
"7443","gbif94",-91.964483,20.204325,NA,NA,NA,NA,NA,NA,-91.964483,20.204325
"7444","gbif940",-60.90063,14.68137,-60.8880989528917,14.6853558259774,-60.8446008520096,14.7054464616525,6.59629486325299,5.18542267374361,-60.8446008520096,14.7054464616525
"7445","gbif941",-60.94741,14.45596,NA,NA,NA,NA,NA,NA,-60.94741,14.45596
"7446","gbif942",-81.590541,24.459251,NA,NA,NA,NA,NA,NA,-81.590541,24.459251
"7447","gbif943",-86.512232,21.365496,NA,NA,NA,NA,NA,NA,-86.512232,21.365496
"7448","gbif944",-88.004098,17.836145,NA,NA,NA,NA,NA,NA,-88.004098,17.836145
"7449","gbif945",-86.827129,21.505586,NA,NA,NA,NA,NA,NA,-86.827129,21.505586
"7450","gbif946",-86.935249,21.470428,-86.9236577774821,21.4749696998507,-86.9236577774821,21.4749696998507,1.30231186196457,0,-86.9236577774821,21.4749696998507
"7451","gbif947",-86.700193,16.29122,NA,NA,NA,NA,NA,NA,-86.700193,16.29122
"7452","gbif948",-86.667275,21.219597,NA,NA,NA,NA,NA,NA,-86.667275,21.219597
"7453","gbif949",-86.902189,21.461061,-86.9136923858029,21.4543423255033,-86.9160955732543,21.5079659133012,5.38970510771794,5.94259480831632,-86.9160955732543,21.5079659133012
"7454","gbif95",-91.963667,20.212111,NA,NA,NA,NA,NA,NA,-91.963667,20.212111
"7455","gbif950",-86.946584,21.518714,-86.9466728250988,21.518709138332,-86.9160955732543,21.5079659133012,3.3756567305369,3.38408144798725,-86.9160955732543,21.5079659133012
"7456","gbif951",-97.295061,21.133075,NA,NA,NA,NA,NA,NA,-97.295061,21.133075
"7457","gbif952",-64.847067,17.642092,NA,NA,NA,NA,NA,NA,-64.847067,17.642092
"7458","gbif953",-80.328751,25.180233,NA,NA,NA,NA,NA,NA,-80.328751,25.180233
"7459","gbif954",-81.282618,19.243584,NA,NA,NA,NA,NA,NA,-81.282618,19.243584
"7460","gbif955",-81.236073,19.350342,NA,NA,NA,NA,NA,NA,-81.236073,19.350342
"7461","gbif956",-80.377233,25.156254,NA,NA,NA,NA,NA,NA,-80.377233,25.156254
"7462","gbif957",-68.931292,18.346279,NA,NA,NA,NA,NA,NA,-68.931292,18.346279
"7463","gbif958",-64.637884,18.313708,NA,NA,NA,NA,NA,NA,-64.637884,18.313708
"7464","gbif959",-64.65399,18.33977,NA,NA,NA,NA,NA,NA,-64.65399,18.33977
"7465","gbif96",-91.394894,22.103539,NA,NA,NA,NA,NA,NA,-91.394894,22.103539
"7466","gbif960",-64.78517,18.302399,-64.7873088947023,18.2975619278079,-64.84534172995,18.3067802889959,6.37991431366062,6.21967388346015,-64.84534172995,18.3067802889959
"7467","gbif961",-77.308253,25.024823,-77.2892849104507,25.0093002359005,-77.3143174661974,24.9759170062986,5.4519451931722,4.47900089562975,-77.3143174661974,24.9759170062986
"7468","gbif962",-77.299729,25.121085,NA,NA,NA,NA,NA,NA,-77.299729,25.121085
"7469","gbif963",-77.311377,25.144916,NA,NA,NA,NA,NA,NA,-77.311377,25.144916
"7470","gbif964",-77.217734,25.073645,NA,NA,NA,NA,NA,NA,-77.217734,25.073645
"7471","gbif965",-77.243273,25.111096,NA,NA,NA,NA,NA,NA,-77.243273,25.111096
"7472","gbif966",-77.207696,25.185582,NA,NA,NA,NA,NA,NA,-77.207696,25.185582
"7473","gbif967",-81.461545,24.456504,NA,NA,NA,NA,NA,NA,-81.461545,24.456504
"7474","gbif968",-87.58137,17.396729,NA,NA,NA,NA,NA,NA,-87.58137,17.396729
"7475","gbif969",-87.45143,17.287436,NA,NA,NA,NA,NA,NA,-87.45143,17.287436
"7476","gbif97",-91.398089,22.1167,NA,NA,NA,NA,NA,NA,-91.398089,22.1167
"7477","gbif970",-69.512832,19.35986,NA,NA,NA,NA,NA,NA,-69.512832,19.35986
"7478","gbif971",-69.493875,19.259866,-69.4872917426816,19.3416292034121,-69.4872917426816,19.3416292034121,9.07721422756727,0,-69.4872917426816,19.3416292034121
"7479","gbif972",-69.48374,19.27838,-69.4789306040088,19.3410347872691,-69.4789306040088,19.3410347872691,6.9539931396265,0,-69.4789306040088,19.3410347872691
"7480","gbif973",-69.481202,19.385127,NA,NA,NA,NA,NA,NA,-69.481202,19.385127
"7481","gbif974",-69.479871,19.389375,NA,NA,NA,NA,NA,NA,-69.479871,19.389375
"7482","gbif975",-81.042598,19.315266,NA,NA,NA,NA,NA,NA,-81.042598,19.315266
"7483","gbif976",-97.259638,21.180063,NA,NA,NA,NA,NA,NA,-97.259638,21.180063
"7484","gbif977",-96.214765,19.588945,NA,NA,NA,NA,NA,NA,-96.214765,19.588945
"7485","gbif978",-87.017047,20.513016,NA,NA,NA,NA,NA,NA,-87.017047,20.513016
"7486","gbif979",-86.782227,21.028344,NA,NA,NA,NA,NA,NA,-86.782227,21.028344
"7487","gbif98",-91.959389,20.203972,NA,NA,NA,NA,NA,NA,-91.959389,20.203972
"7488","gbif980",-87.218517,18.567723,NA,NA,NA,NA,NA,NA,-87.218517,18.567723
"7489","gbif981",-64.445835,18.254553,NA,NA,NA,NA,NA,NA,-64.445835,18.254553
"7490","gbif982",-64.563309,18.22591,NA,NA,NA,NA,NA,NA,-64.563309,18.22591
"7491","gbif983",-64.404965,18.29326,NA,NA,NA,NA,NA,NA,-64.404965,18.29326
"7492","gbif984",-64.464527,18.277019,NA,NA,NA,NA,NA,NA,-64.464527,18.277019
"7493","gbif985",-64.943172,18.362941,-64.9384796681428,18.3897651892233,-64.9120207445823,18.440163023342,9.15914580120014,6.23953075708185,-64.9120207445823,18.440163023342
"7494","gbif986",-64.739573,18.297087,-64.7399129269627,18.2993822416023,-64.7119837006853,18.2400889218229,6.95060215390543,7.19664569295209,-64.7119837006853,18.2400889218229
"7495","gbif987",-64.831243,18.205913,NA,NA,NA,NA,NA,NA,-64.831243,18.205913
"7496","gbif988",-64.780904,18.210648,NA,NA,NA,NA,NA,NA,-64.780904,18.210648
"7497","gbif989",-65.086834,18.219706,NA,NA,NA,NA,NA,NA,-65.086834,18.219706
"7498","gbif99",-91.972778,20.219222,NA,NA,NA,NA,NA,NA,-91.972778,20.219222
"7499","gbif990",-65.106248,18.395041,NA,NA,NA,NA,NA,NA,-65.106248,18.395041
"7500","gbif991",-64.967088,18.216863,NA,NA,NA,NA,NA,NA,-64.967088,18.216863
"7501","gbif992",-71.69535,19.952009,NA,NA,NA,NA,NA,NA,-71.69535,19.952009
"7502","gbif993",-71.798169,19.967457,NA,NA,NA,NA,NA,NA,-71.798169,19.967457
"7503","gbif994",-81.84489,12.17144,NA,NA,NA,NA,NA,NA,-81.84489,12.17144
"7504","gbif995",-81.84648,12.16297,NA,NA,NA,NA,NA,NA,-81.84648,12.16297
"7505","gbif996",-81.86382,12.17709,NA,NA,NA,NA,NA,NA,-81.86382,12.17709
"7506","gbif997",-81.84763,12.18074,NA,NA,NA,NA,NA,NA,-81.84763,12.18074
"7507","gbif998",-81.84251,12.16514,NA,NA,NA,NA,NA,NA,-81.84251,12.16514
"7508","gbif999",-81.86505,12.16788,NA,NA,NA,NA,NA,NA,-81.86505,12.16788
