"","run_acc_sra","x.orig","y.orig","initial.end.lon","initial.end.lat","end.lon","end.lat","total_dist_moved_km","wiggle_dist_moved_km","x","y"
"1","DRR163884",124.230567,24.486196,124.224483248018,24.5001176677173,124.189664752732,24.5090774360875,4.85905269595918,3.66578685764873,124.189664752732,24.5090774360875
"2","DRR163885",124.250949,24.382934,124.262810559849,24.3802596410748,124.256343767364,24.3090033345684,8.20708395350319,7.91981768717709,124.256343767364,24.3090033345684
"3","DRR163886",124.250949,24.382934,124.262810559849,24.3802596410748,124.256343767364,24.3090033345684,8.20708395350319,7.91981768717709,124.256343767364,24.3090033345684
"4","DRR163887",123.775562,24.410525,NA,NA,NA,NA,NA,NA,123.775562,24.410525
"5","DRR163888",128.069563,26.556664,128.085020848551,26.5282304416924,128.085020848551,26.5282304416924,3.50678182222426,0,128.085020848551,26.5282304416924
"6","DRR163889",124.230567,24.486196,124.224483248018,24.5001176677173,124.189664752732,24.5090774360875,4.85905269595918,3.66578685764873,124.189664752732,24.5090774360875
"7","DRR163890",123.775562,24.410525,NA,NA,NA,NA,NA,NA,123.775562,24.410525
"8","DRR163891",128.069563,26.556664,128.085020848551,26.5282304416924,128.085020848551,26.5282304416924,3.50678182222426,0,128.085020848551,26.5282304416924
"9","DRR163892",123.775562,24.410525,NA,NA,NA,NA,NA,NA,123.775562,24.410525
"10","DRR163893",124.230567,24.486196,124.224483248018,24.5001176677173,124.189664752732,24.5090774360875,4.85905269595918,3.66578685764873,124.189664752732,24.5090774360875
"11","DRR163894",125.28367,24.760338,NA,NA,NA,NA,NA,NA,125.28367,24.760338
"12","DRR163895",124.250949,24.382934,124.262810559849,24.3802596410748,124.256343767364,24.3090033345684,8.20708395350319,7.91981768717709,124.256343767364,24.3090033345684
"13","DRR163896",128.069563,26.556664,128.085020848551,26.5282304416924,128.085020848551,26.5282304416924,3.50678182222426,0,128.085020848551,26.5282304416924
"14","DRR163897",124.230567,24.486196,124.224483248018,24.5001176677173,124.189664752732,24.5090774360875,4.85905269595918,3.66578685764873,124.189664752732,24.5090774360875
"15","DRR163898",124.250949,24.382934,124.262810559849,24.3802596410748,124.256343767364,24.3090033345684,8.20708395350319,7.91981768717709,124.256343767364,24.3090033345684
"16","DRR163899",124.230567,24.486196,124.224483248018,24.5001176677173,124.189664752732,24.5090774360875,4.85905269595918,3.66578685764873,124.189664752732,24.5090774360875
"17","DRR163900",123.775562,24.410525,NA,NA,NA,NA,NA,NA,123.775562,24.410525
"18","DRR163901",123.775562,24.410525,NA,NA,NA,NA,NA,NA,123.775562,24.410525
"19","DRR163902",128.069563,26.556664,128.085020848551,26.5282304416924,128.085020848551,26.5282304416924,3.50678182222426,0,128.085020848551,26.5282304416924
"20","DRR163903",128.069563,26.556664,128.085020848551,26.5282304416924,128.085020848551,26.5282304416924,3.50678182222426,0,128.085020848551,26.5282304416924
"21","DRR163904",124.250949,24.382934,124.262810559849,24.3802596410748,124.256343767364,24.3090033345684,8.20708395350319,7.91981768717709,124.256343767364,24.3090033345684
"22","DRR163905",128.069563,26.556664,128.085020848551,26.5282304416924,128.085020848551,26.5282304416924,3.50678182222426,0,128.085020848551,26.5282304416924
"23","DRR163906",125.28367,24.760338,NA,NA,NA,NA,NA,NA,125.28367,24.760338
"24","DRR163907",124.250949,24.382934,124.262810559849,24.3802596410748,124.256343767364,24.3090033345684,8.20708395350319,7.91981768717709,124.256343767364,24.3090033345684
"25","DRR163908",128.069563,26.556664,128.085020848551,26.5282304416924,128.085020848551,26.5282304416924,3.50678182222426,0,128.085020848551,26.5282304416924
"26","DRR163909",123.775562,24.410525,NA,NA,NA,NA,NA,NA,123.775562,24.410525
"27","DRR163910",125.28367,24.760338,NA,NA,NA,NA,NA,NA,125.28367,24.760338
"28","DRR163911",123.775562,24.410525,NA,NA,NA,NA,NA,NA,123.775562,24.410525
"29","DRR163912",124.230567,24.486196,124.224483248018,24.5001176677173,124.189664752732,24.5090774360875,4.85905269595918,3.66578685764873,124.189664752732,24.5090774360875
"30","DRR163913",124.230567,24.486196,124.224483248018,24.5001176677173,124.189664752732,24.5090774360875,4.85905269595918,3.66578685764873,124.189664752732,24.5090774360875
"31","DRR163914",123.775562,24.410525,NA,NA,NA,NA,NA,NA,123.775562,24.410525
"32","DRR163915",125.28367,24.760338,NA,NA,NA,NA,NA,NA,125.28367,24.760338
"33","DRR163916",123.775562,24.410525,NA,NA,NA,NA,NA,NA,123.775562,24.410525
"34","DRR163917",124.250949,24.382934,124.262810559849,24.3802596410748,124.256343767364,24.3090033345684,8.20708395350319,7.91981768717709,124.256343767364,24.3090033345684
"35","DRR163918",123.775562,24.410525,NA,NA,NA,NA,NA,NA,123.775562,24.410525
"36","DRR163919",125.28367,24.760338,NA,NA,NA,NA,NA,NA,125.28367,24.760338
"37","DRR163920",124.230567,24.486196,124.224483248018,24.5001176677173,124.189664752732,24.5090774360875,4.85905269595918,3.66578685764873,124.189664752732,24.5090774360875
"38","DRR163921",123.775562,24.410525,NA,NA,NA,NA,NA,NA,123.775562,24.410525
"39","DRR163922",125.28367,24.760338,NA,NA,NA,NA,NA,NA,125.28367,24.760338
"40","DRR163923",124.230567,24.486196,124.224483248018,24.5001176677173,124.189664752732,24.5090774360875,4.85905269595918,3.66578685764873,124.189664752732,24.5090774360875
"41","DRR163924",124.250949,24.382934,124.262810559849,24.3802596410748,124.256343767364,24.3090033345684,8.20708395350319,7.91981768717709,124.256343767364,24.3090033345684
"42","DRR163925",125.28367,24.760338,NA,NA,NA,NA,NA,NA,125.28367,24.760338
"43","DRR163926",128.069563,26.556664,128.085020848551,26.5282304416924,128.085020848551,26.5282304416924,3.50678182222426,0,128.085020848551,26.5282304416924
"44","DRR163927",124.250949,24.382934,124.262810559849,24.3802596410748,124.256343767364,24.3090033345684,8.20708395350319,7.91981768717709,124.256343767364,24.3090033345684
"45","DRR163928",124.230567,24.486196,124.224483248018,24.5001176677173,124.189664752732,24.5090774360875,4.85905269595918,3.66578685764873,124.189664752732,24.5090774360875
"46","DRR163929",128.069563,26.556664,128.085020848551,26.5282304416924,128.085020848551,26.5282304416924,3.50678182222426,0,128.085020848551,26.5282304416924
"47","DRR163930",128.069563,26.556664,128.085020848551,26.5282304416924,128.085020848551,26.5282304416924,3.50678182222426,0,128.085020848551,26.5282304416924
"48","DRR163931",124.230567,24.486196,124.224483248018,24.5001176677173,124.189664752732,24.5090774360875,4.85905269595918,3.66578685764873,124.189664752732,24.5090774360875
"49","DRR163932",123.775562,24.410525,NA,NA,NA,NA,NA,NA,123.775562,24.410525
"50","DRR163933",125.28367,24.760338,NA,NA,NA,NA,NA,NA,125.28367,24.760338
"51","DRR163934",124.230567,24.486196,124.224483248018,24.5001176677173,124.189664752732,24.5090774360875,4.85905269595918,3.66578685764873,124.189664752732,24.5090774360875
"52","DRR163935",125.28367,24.760338,NA,NA,NA,NA,NA,NA,125.28367,24.760338
"53","DRR163936",124.250949,24.382934,124.262810559849,24.3802596410748,124.256343767364,24.3090033345684,8.20708395350319,7.91981768717709,124.256343767364,24.3090033345684
"54","DRR163937",124.250949,24.382934,124.262810559849,24.3802596410748,124.256343767364,24.3090033345684,8.20708395350319,7.91981768717709,124.256343767364,24.3090033345684
"55","DRR163938",124.250949,24.382934,124.262810559849,24.3802596410748,124.256343767364,24.3090033345684,8.20708395350319,7.91981768717709,124.256343767364,24.3090033345684
"56","DRR163939",124.230567,24.486196,124.224483248018,24.5001176677173,124.189664752732,24.5090774360875,4.85905269595918,3.66578685764873,124.189664752732,24.5090774360875
"57","DRR163940",125.28367,24.760338,NA,NA,NA,NA,NA,NA,125.28367,24.760338
"58","DRR163941",125.28367,24.760338,NA,NA,NA,NA,NA,NA,125.28367,24.760338
"59","DRR163942",124.250949,24.382934,124.262810559849,24.3802596410748,124.256343767364,24.3090033345684,8.20708395350319,7.91981768717709,124.256343767364,24.3090033345684
"60","DRR163943",123.775562,24.410525,NA,NA,NA,NA,NA,NA,123.775562,24.410525
"61","DRR163944",125.28367,24.760338,NA,NA,NA,NA,NA,NA,125.28367,24.760338
"62","DRR163945",128.069563,26.556664,128.085020848551,26.5282304416924,128.085020848551,26.5282304416924,3.50678182222426,0,128.085020848551,26.5282304416924
"63","DRR163946",125.28367,24.760338,NA,NA,NA,NA,NA,NA,125.28367,24.760338
"64","DRR163947",124.250949,24.382934,124.262810559849,24.3802596410748,124.256343767364,24.3090033345684,8.20708395350319,7.91981768717709,124.256343767364,24.3090033345684
"65","DRR163948",124.230567,24.486196,124.224483248018,24.5001176677173,124.189664752732,24.5090774360875,4.85905269595918,3.66578685764873,124.189664752732,24.5090774360875
"66","DRR163949",123.775562,24.410525,NA,NA,NA,NA,NA,NA,123.775562,24.410525
"67","DRR163950",128.069563,26.556664,128.085020848551,26.5282304416924,128.085020848551,26.5282304416924,3.50678182222426,0,128.085020848551,26.5282304416924
"68","DRR163951",124.230567,24.486196,124.224483248018,24.5001176677173,124.189664752732,24.5090774360875,4.85905269595918,3.66578685764873,124.189664752732,24.5090774360875
"69","DRR163952",123.775562,24.410525,NA,NA,NA,NA,NA,NA,123.775562,24.410525
"70","DRR163953",128.069563,26.556664,128.085020848551,26.5282304416924,128.085020848551,26.5282304416924,3.50678182222426,0,128.085020848551,26.5282304416924
"71","DRR163954",124.230567,24.486196,124.224483248018,24.5001176677173,124.189664752732,24.5090774360875,4.85905269595918,3.66578685764873,124.189664752732,24.5090774360875
"72","DRR163955",128.069563,26.556664,128.085020848551,26.5282304416924,128.085020848551,26.5282304416924,3.50678182222426,0,128.085020848551,26.5282304416924
"73","DRR163956",124.250949,24.382934,124.262810559849,24.3802596410748,124.256343767364,24.3090033345684,8.20708395350319,7.91981768717709,124.256343767364,24.3090033345684
"74","DRR163957",125.28367,24.760338,NA,NA,NA,NA,NA,NA,125.28367,24.760338
"75","DRR163958",123.775562,24.410525,NA,NA,NA,NA,NA,NA,123.775562,24.410525
"76","DRR163959",125.28367,24.760338,NA,NA,NA,NA,NA,NA,125.28367,24.760338
"77","DRR163960",123.775562,24.410525,NA,NA,NA,NA,NA,NA,123.775562,24.410525
"78","DRR163961",128.069563,26.556664,128.085020848551,26.5282304416924,128.085020848551,26.5282304416924,3.50678182222426,0,128.085020848551,26.5282304416924
"79","DRR163962",123.775562,24.410525,NA,NA,NA,NA,NA,NA,123.775562,24.410525
"80","DRR163963",128.069563,26.556664,128.085020848551,26.5282304416924,128.085020848551,26.5282304416924,3.50678182222426,0,128.085020848551,26.5282304416924
"81","DRR163964",128.069563,26.556664,128.085020848551,26.5282304416924,128.085020848551,26.5282304416924,3.50678182222426,0,128.085020848551,26.5282304416924
"82","DRR163965",124.230567,24.486196,124.224483248018,24.5001176677173,124.189664752732,24.5090774360875,4.85905269595918,3.66578685764873,124.189664752732,24.5090774360875
"83","DRR163966",124.250949,24.382934,124.262810559849,24.3802596410748,124.256343767364,24.3090033345684,8.20708395350319,7.91981768717709,124.256343767364,24.3090033345684
"84","DRR163967",125.28367,24.760338,NA,NA,NA,NA,NA,NA,125.28367,24.760338
"85","DRR163968",123.775562,24.410525,NA,NA,NA,NA,NA,NA,123.775562,24.410525
"86","DRR163969",123.775562,24.410525,NA,NA,NA,NA,NA,NA,123.775562,24.410525
"87","DRR163970",125.28367,24.760338,NA,NA,NA,NA,NA,NA,125.28367,24.760338
"88","DRR163971",124.250949,24.382934,124.262810559849,24.3802596410748,124.256343767364,24.3090033345684,8.20708395350319,7.91981768717709,124.256343767364,24.3090033345684
"89","DRR163972",128.069563,26.556664,128.085020848551,26.5282304416924,128.085020848551,26.5282304416924,3.50678182222426,0,128.085020848551,26.5282304416924
"90","DRR163973",124.250949,24.382934,124.262810559849,24.3802596410748,124.256343767364,24.3090033345684,8.20708395350319,7.91981768717709,124.256343767364,24.3090033345684
"91","DRR163974",125.28367,24.760338,NA,NA,NA,NA,NA,NA,125.28367,24.760338
"92","DRR163975",124.250949,24.382934,124.262810559849,24.3802596410748,124.256343767364,24.3090033345684,8.20708395350319,7.91981768717709,124.256343767364,24.3090033345684
"93","DRR163976",128.069563,26.556664,128.085020848551,26.5282304416924,128.085020848551,26.5282304416924,3.50678182222426,0,128.085020848551,26.5282304416924
"94","DRR163977",124.230567,24.486196,124.224483248018,24.5001176677173,124.189664752732,24.5090774360875,4.85905269595918,3.66578685764873,124.189664752732,24.5090774360875
"95","DRR163978",124.230567,24.486196,124.224483248018,24.5001176677173,124.189664752732,24.5090774360875,4.85905269595918,3.66578685764873,124.189664752732,24.5090774360875
"96","DRR163979",124.230567,24.486196,124.224483248018,24.5001176677173,124.189664752732,24.5090774360875,4.85905269595918,3.66578685764873,124.189664752732,24.5090774360875
"97","DRR163980",124.250949,24.382934,124.262810559849,24.3802596410748,124.256343767364,24.3090033345684,8.20708395350319,7.91981768717709,124.256343767364,24.3090033345684
"98","DRR163981",128.069563,26.556664,128.085020848551,26.5282304416924,128.085020848551,26.5282304416924,3.50678182222426,0,128.085020848551,26.5282304416924
